ANO_CENSO|PK_COD_MATRICULA|FK_COD_ALUNO|NU_DIA|NU_MES|NU_ANO|NUM_IDADE|TP_SEXO|TP_COR_RACA|TP_NACIONALIDADE|FK_COD_PAIS_ORIGEM|FK_COD_ESTADO_NASC|SGL_UF_NASCIMENTO|FK_COD_MUNICIPIO_DNASC|FK_COD_ESTADO_END|SIGLA_END|FK_COD_MUNICIPIO_END|ID_ZONA_RESIDENCIAL|ID_TIPO_ATENDIMENTO|ID_N_T_E_P|ID_RESPONSAVEL_TRANSPORTE|ID_POSSUI_NEC_ESPECIAL|ID_TIPO_NEC_ESP_CEGUEIRA|ID_TIPO_NEC_ESP_BAIXA_VISAO|ID_TIPO_NEC_ESP_SURDEZ|ID_TIPO_NEC_ESP_DEF_AUDITIVA|ID_TIPO_NEC_ESP_SURDO_CEGUEIRA|ID_TIPO_NEC_ESP_DEF_FISICA|ID_TIPO_NEC_ESP_DEF_MENTAL|ID_TIPO_NEC_ESP_DEF_MULTIPLAS|ID_TIPO_NEC_ESP_AUTISMO|ID_TIPO_NEC_ESP_ASPERGER|ID_TIPO_NEC_ESP_RETT|ID_TIPO_NEC_ESP_TDI|ID_TIPO_NEC_ESP_SUPERDOTACAO|FK_COD_MOD_ENSINO|FK_COD_ETAPA_ENSINO|PK_COD_TURMA|FK_COD_CURSO_PROF|COD_UNIFICADA|FK_COD_TIPO_TURMA|PK_COD_ENTIDADE|FK_COD_ESTADO_ESCOLA|SIGLA_ESCOLA|COD_MUNICIPIO_ESCOLA|ID_LOCALIZACAO_ESC|ID_DEPENDENCIA_ADM_ESC|DESC_CATA_ESCOLA_PRIV|ID_CONVENIADA_PP_ESC|ID_TIPO_CONVENIO_PODER_PUBLICO|ID_MANT_ESCOLA_PRIVADA_EMP|ID_MANT_ESCOLA_PRIVADA_ONG|ID_MANT_ESCOLA_PRIVADA_SIND|ID_MANT_ESCOLA_PRIVADA_S_FINS|ID_DOCUMENTO_REGULAMENTACAO|ID_LOCALIZACAO_DIFERENCIADA|ID_EDUCACAO_INDIGENA
2010|49364975|119569923406|12|6|1990|20|F|5|1|10|31|MG|3132107|31|MG|3162450|2|3|1|2|0|0|0|0|0|0|0|0|0|0|0|0|0|0|1|26|2283208||0|0|31322571|31|MG|3162450|2|2||||0|0|0|0|1|2|1
2010|49364977|111224004972|10|3|1992|18|M|5|1|10|31|MG|3162450|31|MG|3162450|2|3|0||0|0|0|0|0|0|0|0|0|0|0|0|0|0|1|26|2283208||0|0|31322571|31|MG|3162450|2|2||||0|0|0|0|1|2|1
2010|49364982|122030690740|11|3|1989|21|F|5|1|10|31|MG|3162450|31|MG|3162450|2|3|0||0|0|0|0|0|0|0|0|0|0|0|0|0|0|1|26|2283208||0|0|31322571|31|MG|3162450|2|2||||0|0|0|0|1|2|1
2010|49364983|122030690820|21|2|1987|23|F|5|1|10|31|MG|3132107|31|MG|3162450|2|3|0||0|0|0|0|0|0|0|0|0|0|0|0|0|0|1|26|2283208||0|0|31322571|31|MG|3162450|2|2||||0|0|0|0|1|2|1
2010|49364984|114118632674|17|9|1993|17|F|5|1|10|31|MG|3132107|31|MG|3162450|2|3|0||0|0|0|0|0|0|0|0|0|0|0|0|0|0|1|26|2283208||0|0|31322571|31|MG|3162450|2|2||||0|0|0|0|1|2|1
2010|49364985|110544822098|27|4|1992|18|F|5|1|10|31|MG|3132107|31|MG|3162450|2|3|1|2|0|0|0|0|0|0|0|0|0|0|0|0|0|0|1|26|2283208||0|0|31322571|31|MG|3162450|2|2||||0|0|0|0|1|2|1
2010|49364986|122030691126|12|1|1987|23|M|5|1|10|31|MG|3132107|31|MG|3162450|2|3|1|2|0|0|0|0|0|0|0|0|0|0|0|0|0|0|1|26|2283208||0|0|31322571|31|MG|3162450|2|2||||0|0|0|0|1|2|1
2010|49364987|119570046901|6|9|1991|19|M|5|1|10|31|MG|3132107|31|MG|3162450|2|3|0||0|0|0|0|0|0|0|0|0|0|0|0|0|0|1|26|2283208||0|0|31322571|31|MG|3162450|2|2||||0|0|0|0|1|2|1
2010|49365068|122030696357|4|12|1985|25|F|5|1|10|31|MG|3132107|31|MG|3162450|2|3|1|2|0|0|0|0|0|0|0|0|0|0|0|0|0|0|1|26|2283208||0|0|31322571|31|MG|3162450|2|2||||0|0|0|0|1|2|1
2010|49365069|111601369041|4|9|1993|17|F|5|1|10|31|MG|3132107|31|MG|3162450|2|3|0||0|0|0|0|0|0|0|0|0|0|0|0|0|0|1|26|2283208||0|0|31322571|31|MG|3162450|2|2||||0|0|0|0|1|2|1
2010|49365087|122030697167|20|3|1994|16|F|5|1|10|31|MG|3132107|31|MG|3162450|2|3|0||0|0|0|0|0|0|0|0|0|0|0|0|0|0|1|26|2283208||0|0|31322571|31|MG|3162450|2|2||||0|0|0|0|1|2|1
2010|49364555|110092231356|21|6|1991|19|M|5|1|10|31|MG|3132107|31|MG|3162450|2|3|1|2|0|0|0|0|0|0|0|0|0|0|0|0|0|0|1|26|2283208||0|0|31322571|31|MG|3162450|2|2||||0|0|0|0|1|2|1
2010|49364560|119149313516|6|5|1994|16|F|5|1|10|31|MG|3132107|31|MG|3162450|2|3|1|2|0|0|0|0|0|0|0|0|0|0|0|0|0|0|1|26|2283208||0|0|31322571|31|MG|3162450|2|2||||0|0|0|0|1|2|1
2010|49364576|110620237227|20|10|1991|19|F|5|1|10|31|MG|3162450|31|MG|3162450|2|3|1|2|0|0|0|0|0|0|0|0|0|0|0|0|0|0|1|26|2283208||0|0|31322571|31|MG|3162450|2|2||||0|0|0|0|1|2|1
2010|49364594|111148487351|12|5|1992|18|F|5|1|10|31|MG|3162450|31|MG|3162450|2|3|1|2|0|0|0|0|0|0|0|0|0|0|0|0|0|0|1|26|2283208||0|0|31322571|31|MG|3162450|2|2||||0|0|0|0|1|2|1
2010|49364601|111299418413|11|2|1995|15|F|5|1|10|31|MG|3132107|31|MG|3162450|2|3|1|2|0|0|0|0|0|0|0|0|0|0|0|0|0|0|1|26|2283208||0|0|31322571|31|MG|3162450|2|2||||0|0|0|0|1|2|1
2010|49364606|111450521001|10|4|1995|15|F|5|1|10|31|MG|3132107|31|MG|3162450|2|3|0||0|0|0|0|0|0|0|0|0|0|0|0|0|0|1|26|2283208||0|0|31322571|31|MG|3162450|2|2||||0|0|0|0|1|2|1
2010|49364632|111827920229|16|3|1988|22|F|5|1|10|31|MG|3132107|31|MG|3162450|2|3|1|2|0|0|0|0|0|0|0|0|0|0|0|0|0|0|1|26|2283208||0|0|31322571|31|MG|3162450|2|2||||0|0|0|0|1|2|1
2010|49364649|112280921250|12|11|1990|20|F|5|1|10|31|MG|3132107|31|MG|3162450|2|3|1|2|0|0|0|0|0|0|0|0|0|0|0|0|0|0|1|26|2283208||0|0|31322571|31|MG|3162450|2|2||||0|0|0|0|1|2|1
2010|49364662|112582708541|26|4|1993|17|F|5|1|10|31|MG|3162450|31|MG|3162450|2|3|1|2|0|0|0|0|0|0|0|0|0|0|0|0|0|0|1|26|2283208||0|0|31322571|31|MG|3162450|2|2||||0|0|0|0|1|2|1
2010|49364669|112809360455|29|7|1993|17|M|5|1|10|31|MG|3132107|31|MG|3162450|2|3|1|2|0|0|0|0|0|0|0|0|0|0|0|0|0|0|1|26|2283208||0|0|31322571|31|MG|3162450|2|2||||0|0|0|0|1|2|1
2010|49364671|112809363470|28|10|1993|17|F|5|1|10|31|MG|3132107|31|MG|3162450|2|3|1|2|0|0|0|0|0|0|0|0|0|0|0|0|0|0|1|26|2283208||0|0|31322571|31|MG|3162450|2|2||||0|0|0|0|1|2|1
2010|49364726|114050664746|13|9|1993|17|F|0|1|10|31|MG|3132107|31|MG|3162450|2|3|1|2|0|0|0|0|0|0|0|0|0|0|0|0|0|0|1|26|2283208||0|0|31322571|31|MG|3162450|2|2||||0|0|0|0|1|2|1
2010|49364737|114338343671|16|12|1993|17|F|5|1|10|31|MG|3132107|31|MG|3162450|2|3|1|2|0|0|0|0|0|0|0|0|0|0|0|0|0|0|1|26|2283208||0|0|31322571|31|MG|3162450|2|2||||0|0|0|0|1|2|1
2010|49364738|114338343752|30|5|1992|18|F|5|1|10|31|MG|3132107|31|MG|3162450|2|3|0||0|0|0|0|0|0|0|0|0|0|0|0|0|0|1|26|2283208||0|0|31322571|31|MG|3162450|2|2||||0|0|0|0|1|2|1
2010|49364742|114413842862|5|7|1992|18|F|5|1|10|31|MG|3132107|31|MG|3162450|2|3|1|2|0|0|0|0|0|0|0|0|0|0|0|0|0|0|1|26|2283208||0|0|31322571|31|MG|3162450|2|2||||0|0|0|0|1|2|1
2010|49364744|114413844806|5|12|1994|16|F|5|1|10|31|MG|3132107|31|MG|3162450|2|3|1|2|0|0|0|0|0|0|0|0|0|0|0|0|0|0|1|26|2283208||0|0|31322571|31|MG|3162450|2|2||||0|0|0|0|1|2|1
2010|49364749|114564810455|1|1|1994|16|M|5|1|10|31|MG|3132107|31|MG|3162450|2|3|1|2|0|0|0|0|0|0|0|0|0|0|0|0|0|0|1|26|2283208||0|0|31322571|31|MG|3162450|2|2||||0|0|0|0|1|2|1
2010|56462640|113262163090|1|12|1987|23|F|0|1|10|31|MG|3162450|31|MG|3162450|2|3|0||0|0|0|0|0|0|0|0|0|0|0|0|0|0|1|26|2539417||0|0|31319058|31|MG|3162450|2|2||||0|0|0|0|1|2|1
2010|56462725|111028533305|25|12|1992|18|F|0|1|10|31|MG|3162450|31|MG|3162450|2|3|0||0|0|0|0|0|0|0|0|0|0|0|0|0|0|1|26|2539417||0|0|31319058|31|MG|3162450|2|2||||0|0|0|0|1|2|1
2010|56462841|113985801710|10|8|1993|17|M|0|1|10|31|MG|3162450|31|MG|3162450|2|3|0||0|0|0|0|0|0|0|0|0|0|0|0|0|0|1|26|2539417||0|0|31319058|31|MG|3162450|2|2||||0|0|0|0|1|2|1
2010|56463044|110318496614|22|8|1991|19|F|0|1|10|31|MG|3162450|31|MG|3162450|2|3|0||0|0|0|0|0|0|0|0|0|0|0|0|0|0|1|26|2539417||0|0|31319058|31|MG|3162450|2|2||||0|0|0|0|1|2|1
2010|56463158|114489346726|17|8|1982|28|F|0|1|10|31|MG|3162450|31|MG|3162450|1|3|0||0|0|0|0|0|0|0|0|0|0|0|0|0|0|1|26|2539417||0|0|31319058|31|MG|3162450|2|2||||0|0|0|0|1|2|1
2010|56463248|111903524279|18|10|1992|18|M|0|1|10|31|MG|3162450|31|MG|3162450|2|3|0||0|0|0|0|0|0|0|0|0|0|0|0|0|0|1|26|2539417||0|0|31319058|31|MG|3162450|2|2||||0|0|0|0|1|2|1
2010|57047199|122160232059|17|12|1988|22|M|5|1|10|31|MG|3162450|31|MG|3162450|2|3|0||0|0|0|0|0|0|0|0|0|0|0|0|0|0|1|26|2539417||0|0|31319058|31|MG|3162450|2|2||||0|0|0|0|1|2|1
2010|56463784|120568969749|11|11|1987|23|F|5|1|10|31|MG|3132107|31|MG|3162450|1|3|0||0|0|0|0|0|0|0|0|0|0|0|0|0|0|1|26|2539417||0|0|31319058|31|MG|3162450|2|2||||0|0|0|0|1|2|1
2010|56463298|114640270720|6|4|1991|19|F|0|1|10|31|MG|3162450|31|MG|3162450|2|3|0||0|0|0|0|0|0|0|0|0|0|0|0|0|0|1|26|2539417||0|0|31319058|31|MG|3162450|2|2||||0|0|0|0|1|2|1
2010|56463433|113186737809|9|12|1992|18|M|0|1|10|31|MG|3162450|31|MG|3162450|2|3|0||0|0|0|0|0|0|0|0|0|0|0|0|0|0|1|26|2539417||0|0|31319058|31|MG|3162450|2|2||||0|0|0|0|1|2|1
2010|56463519|111299422607|21|8|1992|18|F|0|1|10|31|MG|3162450|31|MG|3162450|2|3|0||0|0|0|0|0|0|0|0|0|0|0|0|0|0|1|26|2539417||0|0|31319058|31|MG|3162450|2|2||||0|0|0|0|1|2|1
2010|51882852|112142623505|17|7|1992|18|F|5|1|10|31|MG|3132107|31|MG|3162450|2|3|0||0|0|0|0|0|0|0|0|0|0|0|0|0|0|1|26|2379907||0|0|31297518|31|MG|3162450|2|2||||0|0|0|0|1|2|1
2010|51882853|122070019623|13|12|1988|22|F|5|1|10|31|MG|3162450|31|MG|3162450|2|3|0||0|0|0|0|0|0|0|0|0|0|0|0|0|0|1|26|2379907||0|0|31297518|31|MG|3162450|2|2||||0|0|0|0|1|2|1
2010|51882854|112431554260|7|1|1990|20|F|5|1|10|31|MG|3139300|31|MG|3162450|2|3|0||0|0|0|0|0|0|0|0|0|0|0|0|0|0|1|26|2379907||0|0|31297518|31|MG|3162450|2|2||||0|0|0|0|1|2|1
2010|51882855|114243706394|31|3|1993|17|M|5|1|10|31|MG|3132107|31|MG|3162450|2|3|0||0|0|0|0|0|0|0|0|0|0|0|0|0|0|1|26|2379907||0|0|31297518|31|MG|3162450|2|2||||0|0|0|0|1|2|1
2010|51882856|114715507020|5|10|1994|16|F|5|1|10|31|MG|3162450|31|MG|3162450|2|3|0||0|0|0|0|0|0|0|0|0|0|0|0|0|0|1|26|2379907||0|0|31297518|31|MG|3162450|2|2||||0|0|0|0|1|2|1
2010|51882857|112506941672|3|2|1994|16|F|5|1|10|31|MG|3132107|31|MG|3162450|2|3|0||0|0|0|0|0|0|0|0|0|0|0|0|0|0|1|26|2379907||0|0|31297518|31|MG|3162450|2|2||||0|0|0|0|1|2|1
2010|51882858|122070019976|29|6|1991|19|F|5|1|10|31|MG|3162450|31|MG|3162450|2|3|0||0|0|0|0|0|0|0|0|0|0|0|0|0|0|1|26|2379907||0|0|31297518|31|MG|3162450|2|2||||0|0|0|0|1|2|1
2010|51882859|110318305967|23|9|1993|17|F|5|1|10|31|MG|3132107|31|MG|3162450|2|3|0||0|0|0|0|0|0|0|0|0|0|0|0|0|0|1|26|2379907||0|0|31297518|31|MG|3162450|2|2||||0|0|0|0|1|2|1
2010|51882860|110167490078|29|7|1992|18|F|5|1|10|31|MG|3132107|31|MG|3162450|2|3|0||0|0|0|0|0|0|0|0|0|0|0|0|0|0|1|26|2379907||0|0|31297518|31|MG|3162450|2|2||||0|0|0|0|1|2|1
2010|51882861|120845528504|21|10|1961|49|M|5|1|10|31|MG|3162450|31|MG|3162450|2|3|0||0|0|0|0|0|0|0|0|0|0|0|0|0|0|1|26|2379907||0|0|31297518|31|MG|3162450|2|2||||0|0|0|0|1|2|1
2010|51882887|114489148258|3|10|1991|19|F|5|1|10|31|MG|3162450|31|MG|3162450|2|3|1|2|0|0|0|0|0|0|0|0|0|0|0|0|0|0|1|26|2379910||0|0|31297518|31|MG|3162450|2|2||||0|0|0|0|1|2|1
2010|51882888|113110961597|10|5|1993|17|F|5|1|10|31|MG|3135209|31|MG|3162450|2|3|1|2|0|0|0|0|0|0|0|0|0|0|0|0|0|0|1|26|2379910||0|0|31297518|31|MG|3162450|2|2||||0|0|0|0|1|2|1
2010|51882889|111374794693|31|8|1993|17|M|5|1|10|31|MG|3135209|31|MG|3162450|2|3|1|2|0|0|0|0|0|0|0|0|0|0|0|0|0|0|1|26|2379910||0|0|31297518|31|MG|3162450|2|2||||0|0|0|0|1|2|1
2010|51882890|110620024908|24|1|1991|19|F|5|1|10|31|MG|3132107|31|MG|3162450|2|3|1|2|0|0|0|0|0|0|0|0|0|0|0|0|0|0|1|26|2379910||0|0|31297518|31|MG|3162450|2|2||||0|0|0|0|1|2|1
2010|51882891|122070020710|26|12|1981|29|F|5|1|10|31|MG|3142254|31|MG|3162450|2|3|1|2|0|0|0|0|0|0|0|0|0|0|0|0|0|0|1|26|2379910||0|0|31297518|31|MG|3162450|2|2||||0|0|0|0|1|2|1
2010|51882892|111072660767|14|10|1991|19|F|5|1|10|31|MG|3162450|31|MG|3162450|2|3|1|2|0|0|0|0|0|0|0|0|0|0|0|0|0|0|1|26|2379910||0|0|31297518|31|MG|3162450|2|2||||0|0|0|0|1|2|1
2010|51882893|119522184623|14|3|1985|25|F|5|1|10|31|MG|3162450|31|MG|3162450|2|3|0||0|0|0|0|0|0|0|0|0|0|0|0|0|0|1|26|2379910||0|0|31297518|31|MG|3162450|2|2||||0|0|0|0|1|2|1
2010|51882898|110242779254|21|5|1993|17|M|5|1|10|31|MG|3139300|31|MG|3162450|2|3|0||0|0|0|0|0|0|0|0|0|0|0|0|0|0|1|26|2379910||0|0|31297518|31|MG|3162450|2|2||||0|0|0|0|1|2|1
2010|51882899|112864616776|22|4|1993|17|F|5|1|10|31|MG|3135209|31|MG|3162450|2|3|1|2|0|0|0|0|0|0|0|0|0|0|0|0|0|0|1|26|2379910||0|0|31297518|31|MG|3162450|2|2||||0|0|0|0|1|2|1
2010|56986594|112280714620|30|3|1993|17|F|0|1|10|31|MG|3139300|31|MG|3162450|2|3|1|2|0|0|0|0|0|0|0|0|0|0|0|0|0|0|1|26|2379910||0|0|31297518|31|MG|3162450|2|2||||0|0|0|0|1|2|1
2010|46167149|111387703373|1|3|1992|18|M|5|1|10|31|MG|3162450|31|MG|3162450|2|3|0||0|0|0|0|0|0|0|0|0|0|0|0|0|0|1|26|2160450||0|0|31338770|31|MG|3162450|2|2||||0|0|0|0|1|2|1
2010|46167150|120820801371|24|10|1982|28|F|5|1|10|31|MG|3132107|31|MG|3162450|2|3|0||0|0|0|0|0|0|0|0|0|0|0|0|0|0|1|26|2160450||0|0|31338770|31|MG|3162450|2|2||||0|0|0|0|1|2|1
2010|46167151|113501164679|8|11|1992|18|F|5|1|10|31|MG|3162450|31|MG|3162450|2|3|0||0|0|0|0|0|0|0|0|0|0|0|0|0|0|1|26|2160450||0|0|31338770|31|MG|3162450|2|2||||0|0|0|0|1|2|1
2010|46167152|110029400529|12|1|1992|18|F|5|1|10|31|MG|3162450|31|MG|3162450|2|3|0||0|0|0|0|0|0|0|0|0|0|0|0|0|0|1|26|2160450||0|0|31338770|31|MG|3162450|2|2||||0|0|0|0|1|2|1
2010|46167153|111916195830|27|8|1992|18|F|5|1|10|31|MG|3162450|31|MG|3162450|2|3|0||0|0|0|0|0|0|0|0|0|0|0|0|0|0|1|26|2160450||0|0|31338770|31|MG|3162450|2|2||||0|0|0|0|1|2|1
2010|46167154|114954594030|1|12|1993|17|F|5|1|10|31|MG|3132107|31|MG|3162450|2|3|0||0|0|0|0|0|0|0|0|0|0|0|0|0|0|1|26|2160450||0|0|31338770|31|MG|3162450|2|2||||0|0|0|0|1|2|1
2010|46167157|112972862430|7|4|1992|18|F|5|1|10|31|MG|3132107|31|MG|3162450|2|3|0||0|0|0|0|0|0|0|0|0|0|0|0|0|0|1|26|2160450||0|0|31338770|31|MG|3162450|2|2||||0|0|0|0|1|2|1
2010|46167158|110557532573|9|9|1993|17|M|5|1|10|31|MG|3132107|31|MG|3162450|2|3|0||0|0|0|0|0|0|0|0|0|0|0|0|0|0|1|26|2160450||0|0|31338770|31|MG|3162450|2|2||||0|0|0|0|1|2|1
2010|46167159|111916194191|5|9|1990|20|F|5|1|10|31|MG|3132107|31|MG|3162450|2|3|0||0|0|0|0|0|0|0|0|0|0|0|0|0|0|1|26|2160450||0|0|31338770|31|MG|3162450|2|2||||0|0|0|0|1|2|1
2010|46167160|118132524836|24|1|1988|22|F|5|1|10|31|MG|3132107|31|MG|3162450|2|3|0||0|0|0|0|0|0|0|0|0|0|0|0|0|0|1|26|2160450||0|0|31338770|31|MG|3162450|2|2||||0|0|0|0|1|2|1
2010|46167161|112595436685|7|10|1991|19|M|5|1|10|31|MG|3132107|31|MG|3162450|2|3|0||0|0|0|0|0|0|0|0|0|0|0|0|0|0|1|26|2160450||0|0|31338770|31|MG|3162450|2|2||||0|0|0|0|1|2|1
2010|46167162|110180370048|29|9|1989|21|M|5|1|10|31|MG|3132107|31|MG|3162450|2|3|0||0|0|0|0|0|0|0|0|0|0|0|0|0|0|1|26|2160450||0|0|31338770|31|MG|3162450|2|2||||0|0|0|0|1|2|1
2010|46167163|111538600314|8|12|1991|19|M|5|1|10|31|MG|3132107|31|MG|3162450|2|3|0||0|0|0|0|0|0|0|0|0|0|0|0|0|0|1|26|2160450||0|0|31338770|31|MG|3162450|2|2||||0|0|0|0|1|2|1
2010|46167164|111538600403|21|10|1992|18|F|5|1|10|31|MG|3132107|31|MG|3162450|2|3|0||0|0|0|0|0|0|0|0|0|0|0|0|0|0|1|26|2160450||0|0|31338770|31|MG|3162450|2|2||||0|0|0|0|1|2|1
2010|46167165|113878536274|27|9|1992|18|F|5|1|10|31|MG|3132107|31|MG|3162450|2|3|0||0|0|0|0|0|0|0|0|0|0|0|0|0|0|1|26|2160450||0|0|31338770|31|MG|3162450|2|2||||0|0|0|0|1|2|1
2010|46167166|115854619112|26|9|1992|18|F|5|1|10|31|MG|3162450|31|MG|3162450|2|3|0||0|0|0|0|0|0|0|0|0|0|0|0|0|0|1|26|2160450||0|0|31338770|31|MG|3162450|2|2||||0|0|0|0|1|2|1
2010|56547327|119309153147|7|12|1988|22|F|5|1|10|31|MG|3162450|31|MG|3162450|2|3|1|2|0|0|0|0|0|0|0|0|0|0|0|0|0|0|1|26|2535245||0|0|31338753|31|MG|3162450|2|2||||0|0|0|0|1|2|1
2010|56547475|122157762778|12|8|1987|23|F|5|1|10|31|MG|3162450|31|MG|3162450|2|3|1|2|0|0|0|0|0|0|0|0|0|0|0|0|0|0|1|26|2535245||0|0|31338753|31|MG|3162450|2|2||||0|0|0|0|1|2|1
2010|56547313|111840568703|2|11|1994|16|M|0|1|10|31|MG|3162450|31|MG|3162450|2|3|1|2|0|0|0|0|0|0|0|0|0|0|0|0|0|0|1|26|2535245||0|0|31338753|31|MG|3162450|2|2||||0|0|0|0|1|2|1
2010|56547381|122157759041|6|3|1962|48|F|5|1|10|31|MG|3162450|31|MG|3162450|2|3|1|2|0|0|0|0|0|0|0|0|0|0|0|0|0|0|1|26|2535245||0|0|31338753|31|MG|3162450|2|2||||0|0|0|0|1|2|1
2010|56547282|119983449918|1|1|1988|22|F|5|1|10|31|MG|3139300|31|MG|3162450|2|3|0||0|0|0|0|0|0|0|0|0|0|0|0|0|0|1|26|2535245||0|0|31338753|31|MG|3162450|2|2||||0|0|0|0|1|2|1
2010|56547291|111387678832|9|8|1993|17|M|0|1|10|31|MG|3162450|31|MG|3162450|2|3|1|2|0|0|0|0|0|0|0|0|0|0|0|0|0|0|1|26|2535245||0|0|31338753|31|MG|3162450|2|2||||0|0|0|0|1|2|1
2010|56547397|120820880140|22|3|1992|18|F|5|1|10|31|MG|3162450|31|MG|3162450|2|3|1|2|0|0|0|0|0|0|0|0|0|0|0|0|0|0|1|26|2535245||0|0|31338753|31|MG|3162450|2|2||||0|0|0|0|1|2|1
2010|56546043|114728397814|5|9|1990|20|M|0|1|10|31|MG|3132107|31|MG|3162450|2|3|1|2|0|0|0|0|0|0|0|0|0|0|0|0|0|0|1|26|2535245||0|0|31338753|31|MG|3162450|2|2||||0|0|0|0|1|2|1
2010|56547730|121178444804|9|11|1986|24|F|5|1|10|31|MG|3132107|31|MG|3162450|2|3|1|2|0|0|0|0|0|0|0|0|0|0|0|0|0|0|1|26|2535245||0|0|31338753|31|MG|3162450|2|2||||0|0|0|0|1|2|1
2010|56551879|111085534196|21|8|1989|21|F|0|1|10|31|MG|3162450|31|MG|3162450|2|3|1|2|0|0|0|0|0|0|0|0|0|0|0|0|0|0|1|26|2535245||0|0|31338753|31|MG|3162450|2|2||||0|0|0|0|1|2|1
2010|56610258|110859262650|4|1|1991|19|M|0|1|10|31|MG|3132107|31|MG|3162450|2|3|1|2|0|0|0|0|0|0|0|0|0|0|0|0|0|0|1|26|2535245||0|0|31338753|31|MG|3162450|2|2||||0|0|0|0|1|2|1
2010|56610302|114879212767|26|12|1992|18|M|0|1|10|31|MG|3132107|31|MG|3162450|2|3|1|2|0|0|0|0|0|0|0|0|0|0|0|0|0|0|1|26|2535245||0|0|31338753|31|MG|3162450|2|2||||0|0|0|0|1|2|1
2010|49362017|110255612957|8|3|1990|20|F|5|1|10|31|MG|3162450|31|MG|3162450|2|3|1|2|0|0|0|0|0|0|0|0|0|0|0|0|0|0|1|26|2283147||0|0|31269875|31|MG|3162450|2|2||||0|0|0|0|1|2|1
2010|49362407|114976669962|25|11|1993|17|F|5|1|10|31|MG|3162450|31|MG|3162450|2|3|1|2|0|0|0|0|0|0|0|0|0|0|0|0|0|0|1|26|2283147||0|0|31269875|31|MG|3162450|2|2||||0|0|0|0|1|2|1
