ANO_CENSO|PK_COD_MATRICULA|FK_COD_ALUNO|NU_DIA|NU_MES|NU_ANO|NUM_IDADE|TP_SEXO|TP_COR_RACA|TP_NACIONALIDADE|FK_COD_PAIS_ORIGEM|FK_COD_ESTADO_NASC|SGL_UF_NASCIMENTO|FK_COD_MUNICIPIO_DNASC|FK_COD_ESTADO_END|SIGLA_END|FK_COD_MUNICIPIO_END|ID_ZONA_RESIDENCIAL|ID_TIPO_ATENDIMENTO|ID_N_T_E_P|ID_RESPONSAVEL_TRANSPORTE|ID_POSSUI_NEC_ESPECIAL|ID_TIPO_NEC_ESP_CEGUEIRA|ID_TIPO_NEC_ESP_BAIXA_VISAO|ID_TIPO_NEC_ESP_SURDEZ|ID_TIPO_NEC_ESP_DEF_AUDITIVA|ID_TIPO_NEC_ESP_SURDO_CEGUEIRA|ID_TIPO_NEC_ESP_DEF_FISICA|ID_TIPO_NEC_ESP_DEF_MENTAL|ID_TIPO_NEC_ESP_DEF_MULTIPLAS|ID_TIPO_NEC_ESP_AUTISMO|ID_TIPO_NEC_ESP_ASPERGER|ID_TIPO_NEC_ESP_RETT|ID_TIPO_NEC_ESP_TDI|ID_TIPO_NEC_ESP_SUPERDOTACAO|FK_COD_MOD_ENSINO|FK_COD_ETAPA_ENSINO|PK_COD_TURMA|FK_COD_CURSO_PROF|COD_UNIFICADA|FK_COD_TIPO_TURMA|PK_COD_ENTIDADE|FK_COD_ESTADO_ESCOLA|SIGLA_ESCOLA|COD_MUNICIPIO_ESCOLA|ID_LOCALIZACAO_ESC|ID_DEPENDENCIA_ADM_ESC|DESC_CATA_ESCOLA_PRIV|ID_CONVENIADA_PP_ESC|ID_TIPO_CONVENIO_PODER_PUBLICO|ID_MANT_ESCOLA_PRIVADA_EMP|ID_MANT_ESCOLA_PRIVADA_ONG|ID_MANT_ESCOLA_PRIVADA_SIND|ID_MANT_ESCOLA_PRIVADA_S_FINS|ID_DOCUMENTO_REGULAMENTACAO|ID_LOCALIZACAO_DIFERENCIADA|ID_EDUCACAO_INDIGENA
2010|49364795|118311596513|19|6|1992|18|F|5|1|10|31|MG|3132107|31|MG|3162450|2|3|0||0|0|0|0|0|0|0|0|0|0|0|0|0|0|1|27|2283209||0|0|31322571|31|MG|3162450|2|2||||0|0|0|0|1|2|1
2010|49364855|119569954808|5|12|1992|18|M|5|1|10|31|MG|3132107|31|MG|3162450|2|3|1|2|0|0|0|0|0|0|0|0|0|0|0|0|0|0|1|27|2283209||0|0|31322571|31|MG|3162450|2|2||||0|0|0|0|1|2|1
2010|49364856|122030683107|11|8|1991|19|F|5|1|10|31|MG|3132107|31|MG|3162450|2|3|0||0|0|0|0|0|0|0|0|0|0|0|0|0|0|1|27|2283209||0|0|31322571|31|MG|3162450|2|2||||0|0|0|0|1|2|1
2010|49364857|113262178364|26|10|1991|19|F|5|1|10|31|MG|3162450|31|MG|3162450|2|3|0||0|0|0|0|0|0|0|0|0|0|0|0|0|0|1|27|2283209||0|0|31322571|31|MG|3162450|2|2||||0|0|0|0|1|2|1
2010|49364858|121060297999|28|10|1988|22|F|5|1|10|31|MG|3135209|31|MG|3162450|2|3|1|2|0|0|0|0|0|0|0|0|0|0|0|0|0|0|1|27|2283209||0|0|31322571|31|MG|3162450|2|2||||0|0|0|0|1|2|1
2010|49364859|113614303119|29|8|1993|17|M|5|1|10|35|SP|3534401|31|MG|3162450|2|3|1|2|0|0|0|0|0|0|0|0|0|0|0|0|0|0|1|27|2283209||0|0|31322571|31|MG|3162450|2|2||||0|0|0|0|1|2|1
2010|49364860|119570052200|13|9|1991|19|M|5|1|10|31|MG|3135209|31|MG|3162450|2|3|0||0|0|0|0|0|0|0|0|0|0|0|0|0|0|1|27|2283209||0|0|31322571|31|MG|3162450|2|2||||0|0|0|0|1|2|1
2010|49364963|122030690073|28|9|1986|24|F|5|1|10|31|MG|3162450|31|MG|3162450|2|3|0||0|0|0|0|0|0|0|0|0|0|0|0|0|0|1|27|2283209||0|0|31322571|31|MG|3162450|2|2||||0|0|0|0|1|2|1
2010|49364964|111978976665|29|8|1988|22|F|5|1|10|31|MG|3162401|31|MG|3162450|2|3|0||0|0|0|0|0|0|0|0|0|0|0|0|0|0|1|27|2283209||0|0|31322571|31|MG|3162450|2|2||||0|0|0|0|1|2|1
2010|49364965|122030690154|19|12|1991|19|F|5|1|10|31|MG|3162450|31|MG|3162450|2|3|1|2|0|0|0|0|0|0|0|0|0|0|0|0|0|0|1|27|2283209||0|0|31322571|31|MG|3162450|2|2||||0|0|0|0|1|2|1
2010|49364966|122030690235|13|10|1982|28|F|5|1|10|31|MG|3162450|31|MG|3162450|2|3|0||0|0|0|0|0|0|0|0|0|0|0|0|0|0|1|27|2283209||0|0|31322571|31|MG|3162450|2|2||||0|0|0|0|1|2|1
2010|49364967|114489360044|14|6|1990|20|F|5|1|10|31|MG|3162450|31|MG|3162450|2|3|0||0|0|0|0|0|0|0|0|0|0|0|0|0|0|1|27|2283209||0|0|31322571|31|MG|3162450|2|2||||0|0|0|0|1|2|1
2010|49364968|122030690316|8|5|1991|19|F|5|1|10|31|MG|3162450|31|MG|3162450|2|3|1|2|0|0|0|0|0|0|0|0|0|0|0|0|0|0|1|27|2283209||0|0|31322571|31|MG|3162450|2|2||||0|0|0|0|1|2|1
2010|49364969|118285455890|6|11|1992|18|F|5|1|10|35|SP|3540200|31|MG|3162450|2|3|1|2|0|0|0|0|0|0|0|0|0|0|0|0|0|0|1|27|2283209||0|0|31322571|31|MG|3162450|2|2||||0|0|0|0|1|2|1
2010|49364970|122030690405|9|6|1993|17|F|5|1|10|35|SP|3503901|31|MG|3162450|2|3|0||0|0|0|0|0|0|0|0|0|0|0|0|0|0|1|27|2283209||0|0|31322571|31|MG|3162450|2|2||||0|0|0|0|1|2|1
2010|49364971|119570655240|4|6|1989|21|F|5|1|10|35|SP|3512001|31|MG|3162450|2|3|0||0|0|0|0|0|0|0|0|0|0|0|0|0|0|1|27|2283209||0|0|31322571|31|MG|3162450|2|2||||0|0|0|0|1|2|1
2010|49364973|111374995753|9|6|1990|20|M|5|1|10|31|MG|3132107|31|MG|3162450|2|3|0||0|0|0|0|0|0|0|0|0|0|0|0|0|0|1|27|2283209||0|0|31322571|31|MG|3162450|2|2||||0|0|0|0|1|2|1
2010|49364562|110318488786|3|7|1988|22|F|5|1|10|31|MG|3132107|31|MG|3162450|2|3|0||0|0|0|0|0|0|0|0|0|0|0|0|0|0|1|27|2283209||0|0|31322571|31|MG|3162450|2|2||||0|0|0|0|1|2|1
2010|49364572|110544793993|2|10|1985|25|F|5|1|10|31|MG|3132107|31|MG|3162450|2|3|0||0|0|0|0|0|0|0|0|0|0|0|0|0|0|1|27|2283209||0|0|31322571|31|MG|3162450|2|2||||0|0|0|0|1|2|1
2010|49364604|111374976457|6|8|1989|21|F|5|1|10|31|MG|3132107|31|MG|3162450|2|3|0||0|0|0|0|0|0|0|0|0|0|0|0|0|0|1|27|2283209||0|0|31322571|31|MG|3162450|2|2||||0|0|0|0|1|2|1
2010|49364624|119569927401|13|8|1991|19|F|5|1|10|31|MG|3162450|31|MG|3162450|2|3|0||0|0|0|0|0|0|0|0|0|0|0|0|0|0|1|27|2283209||0|0|31322571|31|MG|3162450|2|2||||0|0|0|0|1|2|1
2010|49364642|112205436243|14|5|1992|18|F|5|1|10|31|MG|3132107|31|MG|3162450|2|3|1|2|0|0|0|0|0|0|0|0|0|0|0|0|0|0|1|27|2283209||0|0|31322571|31|MG|3162450|2|2||||0|0|0|0|1|2|1
2010|49364725|113985818877|23|7|1992|18|F|5|1|10|31|MG|3132107|31|MG|3162450|2|3|0||0|0|0|0|0|0|0|0|0|0|0|0|0|0|1|27|2283209||0|0|31322571|31|MG|3162450|2|2||||0|0|0|0|1|2|1
2010|49364771|118303778098|5|1|1973|37|F|5|1|10|31|MG|3162450|31|MG|3162450|2|3|0||0|0|0|0|0|0|0|0|0|0|0|0|0|0|1|27|2283209||0|0|31322571|31|MG|3162450|2|2||||0|0|0|0|1|2|1
2010|51882862|113110922699|5|10|1991|19|F|5|1|10|31|MG|3162450|31|MG|3162450|2|3|0||0|0|0|0|0|0|0|0|0|0|0|0|0|0|1|27|2379908||0|0|31297518|31|MG|3162450|2|2||||0|0|0|0|1|2|1
2010|51882863|114790977560|17|5|1991|19|F|5|1|10|31|MG|3162450|31|MG|3162450|2|3|0||0|0|0|0|0|0|0|0|0|0|0|0|0|0|1|27|2379908||0|0|31297518|31|MG|3162450|2|2||||0|0|0|0|1|2|1
2010|51882864|110242740390|3|11|1993|17|F|5|1|10|31|MG|3132107|31|MG|3162450|2|3|0||0|0|0|0|0|0|0|0|0|0|0|0|0|0|1|27|2379908||0|0|31297518|31|MG|3162450|2|2||||0|0|0|0|1|2|1
2010|51882865|114413601741|10|4|1993|17|M|5|1|10|31|MG|3132107|31|MG|3162450|2|3|0||0|0|0|0|0|0|0|0|0|0|0|0|0|0|1|27|2379908||0|0|31297518|31|MG|3162450|2|2||||0|0|0|0|1|2|1
2010|51882866|118290641345|8|12|1992|18|M|5|1|10|31|MG|3135209|31|MG|3162450|2|3|0||0|0|0|0|0|0|0|0|0|0|0|0|0|0|1|27|2379908||0|0|31297518|31|MG|3162450|2|2||||0|0|0|0|1|2|1
2010|51882867|112162235136|19|3|1978|32|M|5|1|10|31|MG|3139300|31|MG|3162450|2|3|0||0|0|0|0|0|0|0|0|0|0|0|0|0|0|1|27|2379908||0|0|31297518|31|MG|3162450|2|2||||0|0|0|0|1|2|1
2010|51882868|122070020125|25|1|1993|17|F|5|1|10|31|MG|3132107|31|MG|3162450|2|3|0||0|0|0|0|0|0|0|0|0|0|0|0|0|0|1|27|2379908||0|0|31297518|31|MG|3162450|2|2||||0|0|0|0|1|2|1
2010|51882869|113790236291|3|12|1993|17|M|5|1|10|31|MG|3132107|31|MG|3162450|2|3|0||0|0|0|0|0|0|0|0|0|0|0|0|0|0|1|27|2379908||0|0|31297518|31|MG|3162450|2|2||||0|0|0|0|1|2|1
2010|51882870|114640048113|11|1|1994|16|F|5|1|10|31|MG|3132107|31|MG|3162450|2|3|0||0|0|0|0|0|0|0|0|0|0|0|0|0|0|1|27|2379908||0|0|31297518|31|MG|3162450|2|2||||0|0|0|0|1|2|1
2010|51882871|114413601580|27|9|1993|17|F|5|1|10|31|MG|3132107|31|MG|3162450|2|3|0||0|0|0|0|0|0|0|0|0|0|0|0|0|0|1|27|2379908||0|0|31297518|31|MG|3162450|2|2||||0|0|0|0|1|2|1
2010|51882872|122070020206|4|6|1993|17|F|5|1|10|31|MG|3132107|31|MG|3162450|2|3|0||0|0|0|0|0|0|0|0|0|0|0|0|0|0|1|27|2379908||0|0|31297518|31|MG|3162450|2|2||||0|0|0|0|1|2|1
2010|51882873|118472423670|16|1|1989|21|F|5|1|10|31|MG|3132107|31|MG|3162450|2|3|0||0|0|0|0|0|0|0|0|0|0|0|0|0|0|1|27|2379908||0|0|31297518|31|MG|3162450|2|2||||0|0|0|0|1|2|1
2010|51882874|114489110870|13|5|1992|18|M|5|1|10|31|MG|3132107|31|MG|3162450|2|3|0||0|0|0|0|0|0|0|0|0|0|0|0|0|0|1|27|2379908||0|0|31297518|31|MG|3162450|2|2||||0|0|0|0|1|2|1
2010|51882894|122070020982|27|2|1998|12|F|5|1|10|31|MG|3135209|31|MG|3162450|2|3|1|2|0|0|0|0|0|0|0|0|0|0|0|0|0|0|1|27|2379911||0|0|31297518|31|MG|3162450|2|2||||0|0|0|0|1|2|1
2010|51882895|121250943980|2|7|1987|23|M|5|1|10|31|MG|3162450|31|MG|3162450|2|3|1|2|0|0|0|0|0|0|0|0|0|0|0|0|0|0|1|27|2379911||0|0|31297518|31|MG|3162450|2|2||||0|0|0|0|1|2|1
2010|51882896|110770945740|4|2|1981|29|F|5|1|10|31|MG|3162450|31|MG|3162450|2|3|1|2|0|0|0|0|0|0|0|0|0|0|0|0|0|0|1|27|2379911||0|0|31297518|31|MG|3162450|2|2||||0|0|0|0|1|2|1
2010|51882897|112658063066|7|8|1991|19|F|5|1|10|31|MG|3132107|31|MG|3162450|2|3|1|2|0|0|0|0|0|0|0|0|0|0|0|0|0|0|1|27|2379911||0|0|31297518|31|MG|3162450|2|2||||0|0|0|0|1|2|1
2010|56987074|110167473300|17|2|1992|18|F|0|1|10|31|MG|3162450|31|MG|3162450|2|3|1|2|0|0|0|0|0|0|0|0|0|0|0|0|0|0|1|27|2379911||0|0|31297518|31|MG|3162450|2|2||||0|0|0|0|1|2|1
2010|46167167|111613983416|11|7|1987|23|F|5|1|10|31|MG|3132107|31|MG|3162450|2|3|0||0|0|0|0|0|0|0|0|0|0|0|0|0|0|1|27|2160451||0|0|31338770|31|MG|3162450|2|2||||0|0|0|0|1|2|1
2010|46167168|114009268742|25|7|1988|22|M|5|1|10|31|MG|3132107|31|MG|3162450|2|3|0||0|0|0|0|0|0|0|0|0|0|0|0|0|0|1|27|2160451||0|0|31338770|31|MG|3162450|2|2||||0|0|0|0|1|2|1
2010|46167169|114489154142|29|11|1989|21|F|5|1|10|31|MG|3162450|31|MG|3162450|2|3|0||0|0|0|0|0|0|0|0|0|0|0|0|0|0|1|27|2160451||0|0|31338770|31|MG|3162450|2|2||||0|0|0|0|1|2|1
2010|46167170|121978144511|30|8|1990|20|F|5|1|10|31|MG|3162450|31|MG|3162450|2|3|0||0|0|0|0|0|0|0|0|0|0|0|0|0|0|1|27|2160451||0|0|31338770|31|MG|3162450|2|2||||0|0|0|0|1|2|1
2010|46167171|119307711770|29|11|1980|30|F|5|1|10|31|MG|3162450|31|MG|3162450|2|3|0||0|0|0|0|0|0|0|0|0|0|0|0|0|0|1|27|2160451||0|0|31338770|31|MG|3162450|2|2||||0|0|0|0|1|2|1
2010|46167172|120787626529|24|11|1983|27|F|5|1|10|31|MG|3162450|31|MG|3162450|2|3|0||0|0|0|0|0|0|0|0|0|0|0|0|0|0|1|27|2160451||0|0|31338770|31|MG|3162450|2|2||||0|0|0|0|1|2|1
2010|46167173|121978144600|14|4|1989|21|F|5|1|10|31|MG|3162450|31|MG|3162450|2|3|0||0|0|0|0|0|0|0|0|0|0|0|0|0|0|1|27|2160451||0|0|31338770|31|MG|3162450|2|2||||0|0|0|0|1|2|1
2010|56547533|114266750462|25|12|1992|18|F|0|1|10|31|MG|3132107|31|MG|3162450|2|3|1|2|0|0|0|0|0|0|0|0|0|0|0|0|0|0|1|27|2535681||0|0|31338753|31|MG|3162450|2|2||||0|0|0|0|1|2|1
2010|56547554|113199413705|6|11|1970|40|F|0|1|10|31|MG|3132107|31|MG|3162450|2|3|1|2|0|0|0|0|0|0|0|0|0|0|0|0|0|0|1|27|2535681||0|0|31338753|31|MG|3162450|2|2||||0|0|0|0|1|2|1
2010|56547623|119309680600|6|8|1993|17|F|5|1|10|31|MG|3162450|31|MG|3162450|2|3|1|2|0|0|0|0|0|0|0|0|0|0|0|0|0|0|1|27|2535681||0|0|31338753|31|MG|3162450|2|2||||0|0|0|0|1|2|1
2010|56547642|110783854322|16|11|1991|19|M|0|1|10|31|MG|3162450|31|MG|3162450|2|3|1|2|0|0|0|0|0|0|0|0|0|0|0|0|0|0|1|27|2535681||0|0|31338753|31|MG|3162450|2|2||||0|0|0|0|1|2|1
2010|56548177|122157767907|14|10|1988|22|F|5|1|10|31|MG|3162450|31|MG|3162450|2|3|1|2|0|0|0|0|0|0|0|0|0|0|0|0|0|0|1|27|2535681||0|0|31338753|31|MG|3162450|2|2||||0|0|0|0|1|2|1
2010|56547685|112595438467|11|2|1994|16|F|0|1|10|31|MG|3162450|31|MG|3162450|2|3|1|2|0|0|0|0|0|0|0|0|0|0|0|0|0|0|1|27|2535681||0|0|31338753|31|MG|3162450|2|2||||0|0|0|0|1|2|1
2010|56548121|119309579390|28|8|1987|23|F|5|1|10|31|MG|3162450|31|MG|3162450|2|3|1|2|0|0|0|0|0|0|0|0|0|0|0|0|0|0|1|27|2535681||0|0|31338753|31|MG|3162450|2|2||||0|0|0|0|1|2|1
2010|56547774|113199415082|2|6|1992|18|M|0|1|10|31|MG|3132107|31|MG|3162450|2|3|1|2|0|0|0|0|0|0|0|0|0|0|0|0|0|0|1|27|2535681||0|0|31338753|31|MG|3162450|2|2||||0|0|0|0|1|2|1
2010|56547799|119309239963|7|9|1989|21|F|5|1|10|31|MG|3162450|31|MG|3162450|2|3|1|2|0|0|0|0|0|0|0|0|0|0|0|0|0|0|1|27|2535681||0|0|31338753|31|MG|3162450|2|2||||0|0|0|0|1|2|1
2010|56547808|114803907470|21|8|1992|18|M|0|1|10|31|MG|3132107|31|MG|3162450|2|3|1|2|0|0|0|0|0|0|0|0|0|0|0|0|0|0|1|27|2535681||0|0|31338753|31|MG|3162450|2|2||||0|0|0|0|1|2|1
2010|56547834|111613981804|25|9|1991|19|M|0|1|10|31|MG|3162450|31|MG|3162450|2|3|1|2|0|0|0|0|0|0|0|0|0|0|0|0|0|0|1|27|2535681||0|0|31338753|31|MG|3162450|2|2||||0|0|0|0|1|2|1
2010|49362012|110104949537|20|11|1991|19|M|5|1|10|31|MG|3132107|31|MG|3162450|2|3|1|2|0|0|0|0|0|0|0|0|0|0|0|0|0|0|1|27|2283174||0|0|31269875|31|MG|3162450|2|2||||0|0|0|0|1|2|1
2010|49362275|113274785368|10|7|1991|19|M|5|1|10|31|MG|3132107|31|MG|3162450|2|3|1|2|0|0|0|0|0|0|0|0|0|0|0|0|0|0|1|27|2283174||0|0|31269875|31|MG|3162450|2|2||||0|0|0|0|1|2|1
