NU_ANO_CENSO|ID_MATRICULA|CO_PESSOA_FISICA|NU_DIA|NU_MES|NU_ANO|NU_IDADE_REFERENCIA|NU_IDADE|NU_DURACAO_TURMA|NU_DUR_ATIV_COMP_MESMA_REDE|NU_DUR_ATIV_COMP_OUTRAS_REDES|NU_DUR_AEE_MESMA_REDE|NU_DUR_AEE_OUTRAS_REDES|NU_DIAS_ATIVIDADE|TP_SEXO|TP_COR_RACA|TP_NACIONALIDADE|CO_PAIS_ORIGEM|CO_UF_NASC|CO_MUNICIPIO_NASC|CO_UF_END|CO_MUNICIPIO_END|TP_ZONA_RESIDENCIAL|TP_OUTRO_LOCAL_AULA|IN_TRANSPORTE_PUBLICO|TP_RESPONSAVEL_TRANSPORTE|IN_TRANSP_VANS_KOMBI|IN_TRANSP_MICRO_ONIBUS|IN_TRANSP_ONIBUS|IN_TRANSP_BICICLETA|IN_TRANSP_TR_ANIMAL|IN_TRANSP_OUTRO_VEICULO|IN_TRANSP_EMBAR_ATE5|IN_TRANSP_EMBAR_5A15|IN_TRANSP_EMBAR_15A35|IN_TRANSP_EMBAR_35|IN_TRANSP_TREM_METRO|IN_NECESSIDADE_ESPECIAL|IN_CEGUEIRA|IN_BAIXA_VISAO|IN_SURDEZ|IN_DEF_AUDITIVA|IN_SURDOCEGUEIRA|IN_DEF_FISICA|IN_DEF_INTELECTUAL|IN_DEF_MULTIPLA|IN_AUTISMO|IN_SINDROME_ASPERGER|IN_SINDROME_RETT|IN_TRANSTORNO_DI|IN_SUPERDOTACAO|IN_RECURSO_LEDOR|IN_RECURSO_TRANSCRICAO|IN_RECURSO_INTERPRETE|IN_RECURSO_LIBRAS|IN_RECURSO_LABIAL|IN_RECURSO_BRAILLE|IN_RECURSO_AMPLIADA_16|IN_RECURSO_AMPLIADA_20|IN_RECURSO_AMPLIADA_24|IN_RECURSO_NENHUM|TP_INGRESSO_FEDERAIS|TP_MEDIACAO_DIDATICO_PEDAGO|IN_ESPECIAL_EXCLUSIVA|IN_REGULAR|IN_EJA|IN_PROFISSIONALIZANTE|TP_ETAPA_ENSINO|ID_TURMA|CO_CURSO_EDUC_PROFISSIONAL|TP_UNIFICADA|TP_TIPO_TURMA|CO_ENTIDADE|CO_REGIAO|CO_MESORREGIAO|CO_MICRORREGIAO|CO_UF|CO_MUNICIPIO|CO_DISTRITO|TP_DEPENDENCIA|TP_LOCALIZACAO|TP_CATEGORIA_ESCOLA_PRIVADA|IN_CONVENIADA_PP|TP_CONVENIO_PODER_PUBLICO|IN_MANT_ESCOLA_PRIVADA_EMP|IN_MANT_ESCOLA_PRIVADA_ONG|IN_MANT_ESCOLA_PRIVADA_SIND|IN_MANT_ESCOLA_PRIVADA_SIST_S|IN_MANT_ESCOLA_PRIVADA_S_FINS|TP_REGULAMENTACAO|TP_LOCALIZACAO_DIFERENCIADA|IN_EDUCACAO_INDIGENA
2016|216087284|125157233069|4|1|1988|28|28|260|0|0|0|0|5|2|5|1|76|31|3162450|31|3162450|2|3|1|2|0|1|0|0|0|0|0|0|0|0|0|0|||||||||||||||||||||||||1|0|1|0|0|25|8522944||0|0|31338745|3|3102|31003|31|3162450|316245005|2|2|||||||||1|2|1
2016|216087343|125157237056|22|7|1984|31|32|260|0|0|0|0|5|2|5|1|76|31|3162450|31|3162450|2|3|1|2|0|1|0|0|0|0|0|0|0|0|0|0|||||||||||||||||||||||||1|0|1|0|0|25|8522944||0|0|31338745|3|3102|31003|31|3162450|316245005|2|2|||||||||1|2|1
2016|216087169|112766138730|15|6|1991|24|25|260|0|0|0|0|5|2|5|1|76|31|3162450|31|3162450|2|3|1|2|0|1|0|0|0|0|0|0|0|0|0|0|||||||||||||||||||||||||1|0|1|0|0|25|8522944||0|0|31338745|3|3102|31003|31|3162450|316245005|2|2|||||||||1|2|1
2016|216087125|121978127501|23|10|1999|16|17|260|0|0|0|0|5|1|5|1|76|31|3139300|31|3162450|2|3|1|2|0|1|0|0|0|0|0|0|0|0|0|0|||||||||||||||||||||||||1|0|1|0|0|25|8522944||0|0|31338745|3|3102|31003|31|3162450|316245005|2|2|||||||||1|2|1
2016|216087086|118286853643|9|12|2000|15|16|260|0|0|0|0|5|2|5|1|76|31|3139300|31|3162450|2|3|0|||||||||||||0|||||||||||||||||||||||||1|0|1|0|0|25|8522944||0|0|31338745|3|3102|31003|31|3162450|316245005|2|2|||||||||1|2|1
2016|216087089|118287007118|8|3|2001|15|15|260|0|0|0|0|5|1|5|1|76|31|3139300|31|3162450|2|3|1|2|0|1|0|0|0|0|0|0|0|0|0|0|||||||||||||||||||||||||1|0|1|0|0|25|8522944||0|0|31338745|3|3102|31003|31|3162450|316245005|2|2|||||||||1|2|1
2016|216087105|121143322508|20|8|1999|16|17|260|0|0|0|0|5|2|5|1|76|31|3162450|31|3162450|2|3|1|2|0|1|0|0|0|0|0|0|0|0|0|0|||||||||||||||||||||||||1|0|1|0|0|25|8522944||0|0|31338745|3|3102|31003|31|3162450|316245005|2|2|||||||||1|2|1
2016|217541686|121978128907|20|10|2000|15|16|260|0|0|0|0|5|1|0|1|76|31|3139300|31|3162450|2|3|1|2|0|1|0|0|0|0|0|0|0|0|0|0|||||||||||||||||||||||||1|0|1|0|0|25|8522944||0|0|31338745|3|3102|31003|31|3162450|316245005|2|2|||||||||1|2|1
2016|216087088|118286965603|9|11|2000|15|16|260|0|0|0|0|5|1|5|1|76|31|3139300|31|3162450|2|3|0|||||||||||||0|||||||||||||||||||||||||1|0|1|0|0|25|8522944||0|0|31338745|3|3102|31003|31|3162450|316245005|2|2|||||||||1|2|1
2016|216087121|121978127188|1|11|2000|15|16|260|0|0|0|0|5|1|5|1|76|31|3162450|31|3162450|2|3|1|2|0|1|0|0|0|0|0|0|0|0|0|0|||||||||||||||||||||||||1|0|1|0|0|25|8522944||0|0|31338745|3|3102|31003|31|3162450|316245005|2|2|||||||||1|2|1
2016|217542476|122823728324|10|9|1992|23|24|260|0|0|0|0|5|2|5|1|76|31|3162450|31|3162450|2|3|1|2|0|1|0|0|0|0|0|0|0|0|0|0|||||||||||||||||||||||||1|0|1|0|0|25|8522944||0|0|31338745|3|3102|31003|31|3162450|316245005|2|2|||||||||1|2|1
2016|216087087|118286922637|28|9|2000|15|16|260|0|0|0|0|5|1|5|1|76|31|3162450|31|3162450|2|3|0|||||||||||||0|||||||||||||||||||||||||1|0|1|0|0|25|8522944||0|0|31338745|3|3102|31003|31|3162450|316245005|2|2|||||||||1|2|1
2016|216079228|144864071992|5|8|1989|26|27|260|0|0|0|0|5|1|5|1|76|31|3162450|31|3162450|2|3|1|2|0|1|0|0|0|0|0|1|0|0|0|0|||||||||||||||||||||||||1|0|1|0|0|25|8522633||0|0|31338753|3|3102|31003|31|3162450|316245005|2|2|||||||||1|2|1
2016|216079220|144864071305|18|7|1991|24|25|260|0|0|0|0|5|2|5|1|76|31|3162450|31|3162450|2|3|0|||||||||||||0|||||||||||||||||||||||||1|0|1|0|0|25|8522633||0|0|31338753|3|3102|31003|31|3162450|316245005|2|2|||||||||1|2|1
2016|216078984|118321157989|23|5|1999|17|17|260|0|0|0|0|5|1|5|1|76|31|3162450|31|3162450|2|3|0|||||||||||||0|||||||||||||||||||||||||1|0|1|0|0|25|8522633||0|0|31338753|3|3102|31003|31|3162450|316245005|2|2|||||||||1|2|1
2016|216078987|112844101371|19|10|1999|16|17|260|0|0|0|0|5|2|5|1|76|31|3162450|31|3162450|2|3|1|2|0|1|0|0|0|0|0|1|0|0|0|0|||||||||||||||||||||||||1|0|1|0|0|25|8522633||0|0|31338753|3|3102|31003|31|3162450|316245005|2|2|||||||||1|2|1
2016|216079070|124309981908|19|6|1971|44|45|260|0|0|0|0|5|2|5|1|76|31|3162450|31|3162450|2|3|1|2|0|1|0|0|0|0|0|0|1|0|0|0|||||||||||||||||||||||||1|0|1|0|0|25|8522633||0|0|31338753|3|3102|31003|31|3162450|316245005|2|2|||||||||1|2|1
2016|216078982|119598193640|30|5|1999|17|17|260|0|0|0|0|5|1|5|1|76|31|3162450|31|3162450|2|3|0|||||||||||||0|||||||||||||||||||||||||1|0|1|0|0|25|8522633||0|0|31338753|3|3102|31003|31|3162450|316245005|2|2|||||||||1|2|1
2016|216079090|113199440869|25|12|1992|23|24|260|0|0|0|0|5|2|0|1|76|31|3162450|31|3162450|2|3|0|||||||||||||0|||||||||||||||||||||||||1|0|1|0|0|25|8522633||0|0|31338753|3|3102|31003|31|3162450|316245005|2|2|||||||||1|2|1
2016|216079016|119632876732|7|1|2000|16|16|260|0|0|0|0|5|2|5|1|76|31|3162450|31|3162450|2|3|1|2|0|1|0|0|0|0|0|0|0|0|0|0|||||||||||||||||||||||||1|0|1|0|0|25|8522633||0|0|31338753|3|3102|31003|31|3162450|316245005|2|2|||||||||1|2|1
2016|216078980|118319334038|3|11|1998|17|18|260|0|0|0|0|5|2|5|1|76|31|3162450|31|3162450|2|3|0|||||||||||||0|||||||||||||||||||||||||1|0|1|0|0|25|8522633||0|0|31338753|3|3102|31003|31|3162450|316245005|2|2|||||||||1|2|1
2016|216078937|115624945034|26|12|1996|19|20|260|0|0|0|0|5|1|5|1|76|31|3162450|31|3162450|2|3|0|||||||||||||0|||||||||||||||||||||||||1|0|1|0|0|25|8522633||0|0|31338753|3|3102|31003|31|3162450|316245005|2|2|||||||||1|2|1
2016|216078990|118322328248|10|5|2001|15|15|260|0|0|0|0|5|2|5|1|76|31|3162450|31|3162450|2|3|1|2|0|0|1|0|0|0|0|0|0|1|0|0|||||||||||||||||||||||||1|0|1|0|0|25|8522633||0|0|31338753|3|3102|31003|31|3162450|316245005|2|2|||||||||1|2|1
2016|216079017|112595436766|6|8|1995|20|21|260|0|0|0|0|5|2|5|1|76|31|3162450|31|3162450|2|3|1|2|0|0|1|0|0|0|0|0|0|1|0|0|||||||||||||||||||||||||1|0|1|0|0|25|8522633||0|0|31338753|3|3102|31003|31|3162450|316245005|2|2|||||||||1|2|1
2016|216079042|114728404373|10|7|1996|19|20|260|0|0|0|0|5|1|5|1|76|31|3162450|31|3162450|2|3|1|2|0|1|0|0|0|0|0|1|0|0|0|0|||||||||||||||||||||||||1|0|1|0|0|25|8522633||0|0|31338753|3|3102|31003|31|3162450|316245005|2|2|||||||||1|2|1
2016|216078978|119617190450|24|4|1997|19|19|260|0|0|0|0|5|1|5|1|76|31|3162450|31|3162450|2|3|0|||||||||||||0|||||||||||||||||||||||||1|0|1|0|0|25|8522633||0|0|31338753|3|3102|31003|31|3162450|316245005|2|2|||||||||1|2|1
2016|216078981|118320968070|16|8|1998|17|18|260|0|0|0|0|5|1|5|1|76|31|3162450|31|3162450|2|3|0|||||||||||||0|||||||||||||||||||||||||1|0|1|0|0|25|8522633||0|0|31338753|3|3102|31003|31|3162450|316245005|2|2|||||||||1|2|1
2016|216075097|111107726106|25|6|2000|15|16|260|0|0|0|0|5|2|5|1|76|31|3139300|31|3162450|2|3|0|||||||||||||0|||||||||||||||||||||||||1|0|1|0|0|25|8522445||0|0|31338770|3|3102|31003|31|3162450|316245005|2|2|||||||||1|2|1
2016|216075096|111161164480|28|8|2000|15|16|260|0|0|0|0|5|1|5|1|76|31|3139300|31|3162450|2|3|0|||||||||||||0|||||||||||||||||||||||||1|0|1|0|0|25|8522445||0|0|31338770|3|3102|31003|31|3162450|316245005|2|2|||||||||1|2|1
2016|216075099|112617565091|19|1|2001|15|15|260|0|0|0|0|5|2|5|1|76|31|3139300|31|3162450|2|3|0|||||||||||||0|||||||||||||||||||||||||1|0|1|0|0|25|8522445||0|0|31338770|3|3102|31003|31|3162450|316245005|2|2|||||||||1|2|1
2016|216075103|114009269471|14|9|2000|15|16|260|0|0|0|0|5|2|5|1|76|31|3139300|31|3162450|2|3|0|||||||||||||0|||||||||||||||||||||||||1|0|1|0|0|25|8522445||0|0|31338770|3|3102|31003|31|3162450|316245005|2|2|||||||||1|2|1
2016|216075094|113652185381|28|8|1999|16|17|260|0|0|0|0|5|1|5|1|76|31|3162450|31|3162450|2|3|0|||||||||||||0|||||||||||||||||||||||||1|0|1|0|0|25|8522445||0|0|31338770|3|3102|31003|31|3162450|316245005|2|2|||||||||1|2|1
2016|216075098|111765051907|8|5|2000|16|16|260|0|0|0|0|5|2|5|1|76|31|3139300|31|3162450|2|3|0|||||||||||||0|||||||||||||||||||||||||1|0|1|0|0|25|8522445||0|0|31338770|3|3102|31003|31|3162450|316245005|2|2|||||||||1|2|1
2016|216075095|110353246360|3|11|2000|15|16|260|0|0|0|0|5|2|5|1|76|31|3162450|31|3162450|2|3|0|||||||||||||0|||||||||||||||||||||||||1|0|1|0|0|25|8522445||0|0|31338770|3|3102|31003|31|3162450|316245005|2|2|||||||||1|2|1
2016|216075010|114954594625|23|6|1999|16|17|260|0|0|0|0|5|1|5|1|76|31|3139300|31|3162450|2|3|0|||||||||||||0|||||||||||||||||||||||||1|0|1|0|0|25|8522445||0|0|31338770|3|3102|31003|31|3162450|316245005|2|2|||||||||1|2|1
2016|216075102|112844045528|14|1|2001|15|15|260|0|0|0|0|5|2|5|1|76|31|3139300|31|3162450|2|3|0|||||||||||||0|||||||||||||||||||||||||1|0|1|0|0|25|8522445||0|0|31338770|3|3102|31003|31|3162450|316245005|2|2|||||||||1|2|1
2016|216075104|110180343822|6|3|1998|18|18|260|0|0|0|0|5|1|5|1|76|31|3139300|31|3162450|2|3|0|||||||||||||0|||||||||||||||||||||||||1|0|1|0|0|25|8522445||0|0|31338770|3|3102|31003|31|3162450|316245005|2|2|||||||||1|2|1
2016|216224048|112733803556|2|10|1998|17|18|260|0|0|0|0|5|2|5|1|76|31|3162450|31|3162450|2|3|1|2|0|0|1|0|0|0|0|0|0|0|0|0|||||||||||||||||||||||||1|0|1|0|0|25|8528760||0|0|31322571|3|3102|31003|31|3162450|316245005|2|2|||||||||1|2|1
2016|216224092|114715709677|31|12|1998|17|18|260|0|0|0|0|5|1|5|1|76|31|3132107|31|3162450|2|3|1|2|0|0|1|0|0|0|0|0|0|0|0|0|||||||||||||||||||||||||1|0|1|0|0|25|8528760||0|0|31322571|3|3102|31003|31|3162450|316245005|2|2|||||||||1|2|1
2016|216225725|124312343046|17|5|1984|32|32|260|0|0|0|0|5|2|5|1|76|31|3162450|31|3162450|2|3|1|2|0|0|1|0|0|0|0|0|0|0|0|0|||||||||||||||||||||||||1|0|1|0|0|25|8528760||0|0|31322571|3|3102|31003|31|3162450|316245005|2|2|||||||||1|2|1
2016|216224244|119024514656|9|5|2001|15|15|260|0|0|0|0|5|1|5|1|76|31|3162450|31|3162450|2|3|1|2|0|0|1|0|0|0|0|0|0|0|0|0|||||||||||||||||||||||||1|0|1|0|0|25|8528760||0|0|31322571|3|3102|31003|31|3162450|316245005|2|2|||||||||1|2|1
2016|216224242|118392799827|29|6|2000|15|16|260|0|0|0|0|5|2|5|1|76|31|3132107|31|3162450|2|3|1|2|0|0|1|0|0|0|0|0|0|0|0|0|||||||||||||||||||||||||1|0|1|0|0|25|8528760||0|0|31322571|3|3102|31003|31|3162450|316245005|2|2|||||||||1|2|1
2016|216224067|113563921996|12|5|1985|31|31|260|0|0|0|0|5|2|5|1|76|31|3132107|31|3162450|2|3|1|2|0|1|0|0|0|0|0|0|0|0|0|0|||||||||||||||||||||||||1|0|1|0|0|25|8528760||0|0|31322571|3|3102|31003|31|3162450|316245005|2|2|||||||||1|2|1
2016|216224031|111978984412|11|12|1999|16|17|260|0|0|0|0|5|1|5|1|76|31|3132107|31|3162450|2|3|1|2|0|0|1|0|0|0|0|0|0|0|0|0|||||||||||||||||||||||||1|0|1|0|0|25|8528760||0|0|31322571|3|3102|31003|31|3162450|316245005|2|2|||||||||1|2|1
2016|216224127|118310697766|8|12|2000|15|16|260|0|0|0|0|5|2|5|1|76|31|3162450|31|3162450|2|3|1|2|0|0|1|0|0|0|0|0|0|0|0|0|||||||||||||||||||||||||1|0|1|0|0|25|8528760||0|0|31322571|3|3102|31003|31|3162450|316245005|2|2|||||||||1|2|1
2016|216224240|119024570564|12|3|2000|16|16|260|0|0|0|0|5|2|5|1|76|31|3162450|31|3162450|2|3|1|2|0|0|1|0|0|0|0|0|0|0|0|0|||||||||||||||||||||||||1|0|1|0|0|25|8528760||0|0|31322571|3|3102|31003|31|3162450|316245005|2|2|||||||||1|2|1
2016|216224395|112391712935|15|6|2000|15|16|260|0|0|0|0|5|2|5|1|76|31|3162450|31|3162450|2|3|1|2|0|0|1|0|0|0|0|0|0|0|0|0|||||||||||||||||||||||||1|0|1|0|0|25|8528760||0|0|31322571|3|3102|31003|31|3162450|316245005|2|2|||||||||1|2|1
2016|216224004|110469404905|16|1|1999|17|17|260|0|0|0|0|5|2|5|1|76|31|3162450|31|3162450|2|3|1|2|0|0|1|0|0|0|0|0|0|0|0|0|||||||||||||||||||||||||1|0|1|0|0|25|8528760||0|0|31322571|3|3102|31003|31|3162450|316245005|2|2|||||||||1|2|1
2016|216224077|113865841936|1|5|1997|19|19|260|0|0|0|0|5|2|5|1|76|35|3534401|31|3162450|2|3|1|2|0|0|1|0|0|0|0|0|0|0|0|0|||||||||||||||||||||||||1|0|1|0|0|25|8528760||0|0|31322571|3|3102|31003|31|3162450|316245005|2|2|||||||||1|2|1
2016|216224016|111259389609|14|8|2000|15|16|260|0|0|0|0|5|1|5|1|76|31|3162450|31|3162450|2|3|1|2|0|0|1|0|0|0|0|0|0|0|0|0|||||||||||||||||||||||||1|0|1|0|0|25|8528760||0|0|31322571|3|3102|31003|31|3162450|316245005|2|2|||||||||1|2|1
2016|216224013|111224006320|13|5|2000|16|16|260|0|0|0|0|5|1|5|1|76|31|3132107|31|3162450|2|3|0|||||||||||||0|||||||||||||||||||||||||1|0|1|0|0|25|8528760||0|0|31322571|3|3102|31003|31|3162450|316245005|2|2|||||||||1|2|1
2016|216224030|111827921705|19|12|1999|16|17|260|0|0|0|0|5|2|5|1|76|31|3162450|31|3162450|2|3|1|2|0|0|1|0|0|0|0|0|0|0|0|0|||||||||||||||||||||||||1|0|1|0|0|25|8528760||0|0|31322571|3|3102|31003|31|3162450|316245005|2|2|||||||||1|2|1
2016|216224009|111032741634|15|11|2000|15|16|260|0|0|0|0|5|1|5|1|76|31|3132107|31|3162450|2|3|1|2|0|0|1|0|0|0|0|0|0|0|0|0|||||||||||||||||||||||||1|0|1|0|0|25|8528760||0|0|31322571|3|3102|31003|31|3162450|316245005|2|2|||||||||1|2|1
2016|216224543|111479626006|23|1|1996|20|20|320|0|0|0|0|5|1|5|1|76|31|3135209|31|3162450|2|3|1|2|0|0|1|0|0|0|0|0|0|1|0|0|||||||||||||||||||||||||1|0|1|0|0|25|8528770||0|0|31322571|3|3102|31003|31|3162450|316245005|2|2|||||||||1|2|1
2016|216224022|111525935878|22|4|2000|16|16|320|0|0|0|0|5|1|5|1|76|31|3162450|31|3162450|2|3|1|2|0|0|1|0|0|0|0|0|0|0|0|0|||||||||||||||||||||||||1|0|1|0|0|25|8528770||0|0|31322571|3|3102|31003|31|3162450|316245005|2|2|||||||||1|2|1
2016|216224056|113337600785|19|3|2000|16|16|320|0|0|0|0|5|1|5|1|76|31|3162450|31|3162450|2|3|1|2|0|0|1|0|0|0|0|0|0|0|0|0|||||||||||||||||||||||||1|0|1|0|0|25|8528770||0|0|31322571|3|3102|31003|31|3162450|316245005|2|2|||||||||1|2|1
2016|216224055|113297533721|23|8|2000|15|16|320|0|0|0|0|5|2|5|1|76|31|3132107|31|3162450|2|3|1|2|0|0|1|0|0|0|0|0|0|0|0|0|||||||||||||||||||||||||1|0|1|0|0|25|8528770||0|0|31322571|3|3102|31003|31|3162450|316245005|2|2|||||||||1|2|1
2016|216224003|110394012797|30|7|1994|21|22|320|0|0|0|0|5|2|5|1|76|31|3132107|31|3162450|2|3|1|2|0|0|1|0|0|0|0|0|0|0|0|0|||||||||||||||||||||||||1|0|1|0|0|25|8528770||0|0|31322571|3|3102|31003|31|3162450|316245005|2|2|||||||||1|2|1
2016|216224071|113639469002|17|10|1989|26|27|320|0|0|0|0|5|2|5|1|76|31|3162450|31|3162450|2|3|1|2|0|0|1|0|0|0|0|0|0|0|0|0|||||||||||||||||||||||||1|0|1|0|0|25|8528770||0|0|31322571|3|3102|31003|31|3162450|316245005|2|2|||||||||1|2|1
2016|216224083|114118634294|5|11|1999|16|17|320|0|0|0|0|5|2|5|1|76|31|3162450|31|3162450|2|3|1|2|0|0|1|0|0|0|0|0|0|0|0|0|||||||||||||||||||||||||1|0|1|0|0|25|8528770||0|0|31322571|3|3102|31003|31|3162450|316245005|2|2|||||||||1|2|1
2016|216225914|116081403423|11|2|1999|17|17|320|0|0|0|0|5|2|5|1|76|31|3162450|31|3162450|2|3|1|2|0|0|1|0|0|0|0|0|0|0|0|0|||||||||||||||||||||||||1|0|1|0|0|25|8528770||0|0|31322571|3|3102|31003|31|3162450|316245005|2|2|||||||||1|2|1
2016|216224025|111601369203|26|9|1995|20|21|320|0|0|0|0|5|1|5|1|76|31|3162450|31|3162450|2|3|1|2|0|1|0|0|0|0|0|0|0|0|0|0|||||||||||||||||||||||||1|0|1|0|0|25|8528770||0|0|31322571|3|3102|31003|31|3162450|316245005|2|2|||||||||1|2|1
2016|216224038|112205436596|23|5|1996|20|20|320|0|0|0|0|5|1|5|1|76|31|3139300|31|3162450|2|3|1|2|0|0|1|0|0|0|0|0|0|0|0|0|||||||||||||||||||||||||1|0|1|0|0|25|8528770||0|0|31322571|3|3102|31003|31|3162450|316245005|2|2|||||||||1|2|1
2016|216961373|113789850798|12|8|1996|19|20|320|0|0|0|0|5|1|5|1|76|31|3135209|31|3162450|2|3|0|||||||||||||0|||||||||||||||||||||||||1|0|1|0|0|25|8528770||0|0|31322571|3|3102|31003|31|3162450|316245005|2|2|||||||||1|2|1
2016|216224080|114050664827|24|12|2000|15|16|320|0|0|0|0|5|2|5|1|76|31|3132107|31|3162450|2|3|1|2|0|0|1|0|0|0|0|0|0|0|0|0|||||||||||||||||||||||||1|0|1|0|0|25|8528770||0|0|31322571|3|3102|31003|31|3162450|316245005|2|2|||||||||1|2|1
2016|216224398|122030692289|2|7|1998|17|18|320|0|0|0|0|5|1|5|1|76|31|3162450|31|3162450|2|3|1|2|0|0|1|0|0|0|0|0|0|0|0|0|||||||||||||||||||||||||1|0|1|0|0|25|8528770||0|0|31322571|3|3102|31003|31|3162450|316245005|2|2|||||||||1|2|1
2016|216224241|122030684502|30|9|1996|19|20|320|0|0|0|0|5|2|5|1|76|31|3162450|31|3162450|2|3|1|2|0|0|1|0|0|0|0|0|0|0|0|0|||||||||||||||||||||||||1|0|1|0|0|25|8528770||0|0|31322571|3|3102|31003|31|3162450|316245005|2|2|||||||||1|2|1
2016|216224316|111148464653|13|5|1998|18|18|320|0|0|0|0|5|2|5|1|76|31|3162450|31|3162450|2|3|1|2|0|0|1|0|0|0|0|0|0|0|0|0|||||||||||||||||||||||||1|0|1|0|0|25|8528770||0|0|31322571|3|3102|31003|31|3162450|316245005|2|2|||||||||1|2|1
2016|216226080|110544799681|7|11|1996|19|20|195|0|0|0|0|5|1|5|1|76|31|3132107|31|3162450|2|3|0|||||||||||||0|||||||||||||||||||||||||1|0|1|0|0|25|8528815||0|0|31319058|3|3102|31003|31|3162450|316245005|2|2|||||||||1|2|1
2016|216225999|116873230544|7|12|2000|15|16|195|0|0|0|0|5|2|5|1|76|31|3139300|31|3162450|2|3|0|||||||||||||0|||||||||||||||||||||||||1|0|1|0|0|25|8528815||0|0|31319058|3|3102|31003|31|3162450|316245005|2|2|||||||||1|2|1
2016|216226006|117040827815|20|10|1999|16|17|195|0|0|0|0|5|2|5|1|76|31|3139300|31|3162450|2|3|0|||||||||||||0|||||||||||||||||||||||||1|0|1|0|0|25|8528815||0|0|31319058|3|3102|31003|31|3162450|316245005|2|2|||||||||1|2|1
2016|216226020|111780923723|28|1|2001|15|15|195|0|0|0|0|5|2|5|1|76|31|3162450|31|3162450|2|3|0|||||||||||||0|||||||||||||||||||||||||1|0|1|0|0|25|8528815||0|0|31319058|3|3102|31003|31|3162450|316245005|2|2|||||||||1|2|1
2016|216226000|113290670022|20|6|2000|15|16|195|0|0|0|0|5|2|5|1|76|31|3139300|31|3162450|2|3|0|||||||||||||0|||||||||||||||||||||||||1|0|1|0|0|25|8528815||0|0|31319058|3|3102|31003|31|3162450|316245005|2|2|||||||||1|2|1
2016|216226016|113743622202|25|7|2000|15|16|195|0|0|0|0|5|2|5|1|76|31|3139300|31|3162450|2|3|0|||||||||||||0|||||||||||||||||||||||||1|0|1|0|0|25|8528815||0|0|31319058|3|3102|31003|31|3162450|316245005|2|2|||||||||1|2|1
2016|216226143|118446295899|23|7|2001|14|15|195|0|0|0|0|5|1|5|1|76|35|3550100|31|3162450|2|3|0|||||||||||||0|||||||||||||||||||||||||1|0|1|0|0|25|8528815||0|0|31319058|3|3102|31003|31|3162450|316245005|2|2|||||||||1|2|1
2016|216226003|113215261994|12|8|2000|15|16|195|0|0|0|0|5|2|5|1|76|31|3132107|31|3162450|2|3|0|||||||||||||0|||||||||||||||||||||||||1|0|1|0|0|25|8528815||0|0|31319058|3|3102|31003|31|3162450|316245005|2|2|||||||||1|2|1
2016|216226046|112353907996|6|5|1997|19|19|195|0|0|0|0|5|1|5|1|76|31|3170404|31|3162450|2|3|0|||||||||||||0|||||||||||||||||||||||||1|0|1|0|0|25|8528815||0|0|31319058|3|3102|31003|31|3162450|316245005|2|2|||||||||1|2|1
2016|216226019|110045374090|27|2|2001|15|15|195|0|0|0|0|5|1|5|1|76|31|3162450|31|3162450|2|3|0|||||||||||||0|||||||||||||||||||||||||1|0|1|0|0|25|8528815||0|0|31319058|3|3102|31003|31|3162450|316245005|2|2|||||||||1|2|1
2016|216226018|113215281162|18|6|2000|15|16|195|0|0|0|0|5|2|5|1|76|31|3139300|31|3162450|2|3|0|||||||||||||0|||||||||||||||||||||||||1|0|1|0|0|25|8528815||0|0|31319058|3|3102|31003|31|3162450|316245005|2|2|||||||||1|2|1
2016|216226081|112611360200|19|11|2000|15|16|195|0|0|0|0|5|1|5|1|76|31|3132107|31|3162450|2|3|0|||||||||||||0|||||||||||||||||||||||||1|0|1|0|0|25|8528815||0|0|31319058|3|3102|31003|31|3162450|316245005|2|2|||||||||1|2|1
2016|216226038|115966920736|24|3|2001|15|15|195|0|0|0|0|5|2|5|1|76|31|3139300|31|3162450|2|3|0|||||||||||||0|||||||||||||||||||||||||1|0|1|0|0|25|8528815||0|0|31319058|3|3102|31003|31|3162450|316245005|2|2|||||||||1|2|1
2016|216226116|119394750150|12|11|2000|15|16|195|0|0|0|0|5|2|5|1|76|52|5218300|31|3162450|2|3|0|||||||||||||0|||||||||||||||||||||||||1|0|1|0|0|25|8528815||0|0|31319058|3|3102|31003|31|3162450|316245005|2|2|||||||||1|2|1
2016|216226005|111554484307|17|1|2001|15|15|195|0|0|0|0|5|1|5|1|76|31|3139300|31|3162450|2|3|0|||||||||||||0|||||||||||||||||||||||||1|0|1|0|0|25|8528815||0|0|31319058|3|3102|31003|31|3162450|316245005|2|2|||||||||1|2|1
2016|216226004|112460291891|13|2|2001|15|15|195|0|0|0|0|5|2|5|1|76|31|3139300|31|3162450|2|3|0|||||||||||||0|||||||||||||||||||||||||1|0|1|0|0|25|8528815||0|0|31319058|3|3102|31003|31|3162450|316245005|2|2|||||||||1|2|1
2016|216226055|110273699449|12|3|1997|19|19|195|0|0|0|0|5|1|5|1|76|31|3170404|31|3162450|2|3|0|||||||||||||0|||||||||||||||||||||||||1|0|1|0|0|25|8528815||0|0|31319058|3|3102|31003|31|3162450|316245005|2|2|||||||||1|2|1
2016|216226007|111252573005|25|10|2000|15|16|195|0|0|0|0|5|1|5|1|76|31|3162450|31|3162450|2|3|0|||||||||||||0|||||||||||||||||||||||||1|0|1|0|0|25|8528815||0|0|31319058|3|3102|31003|31|3162450|316245005|2|2|||||||||1|2|1
2016|216226017|112537855549|22|10|1999|16|17|195|0|0|0|0|5|1|5|1|76|31|3132107|31|3162450|2|3|0|||||||||||||0|||||||||||||||||||||||||1|0|1|0|0|25|8528815||0|0|31319058|3|3102|31003|31|3162450|316245005|2|2|||||||||1|2|1
2016|216225943|114293685005|14|8|1999|16|17|195|0|0|0|0|5|2|5|1|76|31|3139300|31|3162450|2|3|0|||||||||||||0|||||||||||||||||||||||||1|0|1|0|0|25|8528815||0|0|31319058|3|3102|31003|31|3162450|316245005|2|2|||||||||1|2|1
2016|216223949|144871646210|21|8|1992|23|24|260|0|0|0|0|5|2|5|1|76|31|3162450|31|3162450|2|3|1|2|0|1|0|0|0|0|0|0|0|0|0|0|||||||||||||||||||||||||1|0|1|0|0|25|8528695||0|0|31269875|3|3102|31003|31|3162450|316245005|2|2|||||||||1|2|1
2016|216221810|111689556705|23|7|1989|26|27|260|0|0|0|0|5|2|5|1|76|31|3162450|31|3162450|2|3|1|2|0|1|0|0|0|0|0|0|0|0|0|0|||||||||||||||||||||||||1|0|1|0|0|25|8528695||0|0|31269875|3|3102|31003|31|3162450|316245005|2|2|||||||||1|2|1
2016|216221970|118251837676|25|8|2000|15|16|260|0|0|0|0|5|2|5|1|76|31|3132107|31|3162450|2|3|1|2|0|1|0|0|0|0|0|0|0|0|0|0|||||||||||||||||||||||||1|0|1|0|0|25|8528695||0|0|31269875|3|3102|31003|31|3162450|316245005|2|2|||||||||1|2|1
2016|216221835|112129957080|18|7|1991|24|25|260|0|0|0|0|5|2|5|1|76|31|3139300|31|3162450|2|3|1|2|0|0|1|0|0|0|0|0|0|0|0|0|||||||||||||||||||||||||1|0|1|0|0|25|8528695||0|0|31269875|3|3102|31003|31|3162450|316245005|2|2|||||||||1|2|1
2016|216222400|122825471100|17|8|1979|36|37|260|0|0|0|0|5|2|5|1|76|31|3132107|31|3162450|2|3|1|2|0|1|0|0|0|0|0|0|0|0|0|0|||||||||||||||||||||||||1|0|1|0|0|25|8528695||0|0|31269875|3|3102|31003|31|3162450|316245005|2|2|||||||||1|2|1
2016|216221868|112919488308|20|12|2000|15|16|260|0|0|0|0|5|2|5|1|76|31|3132107|31|3162450|2|3|1|2|0|1|0|0|0|0|0|0|0|0|0|0|||||||||||||||||||||||||1|0|1|0|0|25|8528695||0|0|31269875|3|3102|31003|31|3162450|316245005|2|2|||||||||1|2|1
2016|216221899|113598693442|4|9|2000|15|16|260|0|0|0|0|5|1|5|1|76|31|3132107|31|3162450|2|3|0|||||||||||||0|||||||||||||||||||||||||1|0|1|0|0|25|8528695||0|0|31269875|3|3102|31003|31|3162450|316245005|2|2|||||||||1|2|1
2016|216221928|114599560102|11|2|2001|15|15|260|0|0|0|0|5|1|5|1|76|31|3162450|31|3162450|2|3|1|2|0|1|0|0|0|0|0|0|0|0|0|0|||||||||||||||||||||||||1|0|1|0|0|25|8528695||0|0|31269875|3|3102|31003|31|3162450|316245005|2|2|||||||||1|2|1
2016|216221790|111085560278|19|9|1998|17|18|260|0|0|120|0|5|1|5|1|76|31|3162450|31|3162450|2|3|0|||||||||||||1|0|0|0|0|0|0|1|0|0|0|0|0|0|0|0|0|0|0|0|0|0|0|1||1|0|1|0|0|25|8528695||0|0|31269875|3|3102|31003|31|3162450|316245005|2|2|||||||||1|2|1
2016|216221791|111085564265|21|12|1997|18|19|260|0|0|0|0|5|1|5|1|76|31|3162450|31|3162450|2|3|1|2|0|1|0|0|0|0|0|0|0|0|0|0|||||||||||||||||||||||||1|0|1|0|0|25|8528695||0|0|31269875|3|3102|31003|31|3162450|316245005|2|2|||||||||1|2|1
2016|216221809|111636121380|19|11|1998|17|18|260|0|0|0|0|5|2|5|1|76|31|3162450|31|3162450|2|3|1|2|0|1|0|0|0|0|0|0|0|0|0|0|||||||||||||||||||||||||1|0|1|0|0|25|8528695||0|0|31269875|3|3102|31003|31|3162450|316245005|2|2|||||||||1|2|1
2016|216221873|112972860739|12|2|1999|17|17|260|0|0|0|0|5|1|5|1|76|31|3162450|31|3162450|2|3|0|||||||||||||0|||||||||||||||||||||||||1|0|1|0|0|25|8528695||0|0|31269875|3|3102|31003|31|3162450|316245005|2|2|||||||||1|2|1
2016|216221892|113425762760|29|11|1998|17|18|260|0|0|0|0|5|1|5|1|76|31|3139300|31|3162450|2|3|0|||||||||||||0|||||||||||||||||||||||||1|0|1|0|0|25|8528695||0|0|31269875|3|3102|31003|31|3162450|316245005|2|2|||||||||1|2|1
2016|216221803|111409814806|31|3|1997|19|19|260|0|0|0|0|5|1|5|1|76|31|3162450|31|3162450|2|3|1|2|0|1|0|0|0|0|0|0|0|0|0|0|||||||||||||||||||||||||1|0|1|0|0|25|8528695||0|0|31269875|3|3102|31003|31|3162450|316245005|2|2|||||||||1|2|1
2016|216227648|144871656283|19|7|1986|29|30|310|0|0|0|0|5|1|5|1|76|31|3132107|31|3162450|2|3|0|||||||||||||0|||||||||||||||||||||||||1|0|1|0|0|25|8528858||0|0|31297518|3|3102|31003|31|3162450|316245005|2|2|||||||||1|2|1
2016|216227645|144871656011|21|12|1983|32|33|310|0|0|0|0|5|2|5|1|76|31|3162450|31|3162450|2|3|1|2|0|1|0|0|0|0|0|1|0|0|0|0|||||||||||||||||||||||||1|0|1|0|0|25|8528858||0|0|31297518|3|3102|31003|31|3162450|316245005|2|2|||||||||1|2|1
2016|216226641|144871655716|4|1|2000|16|16|310|0|0|0|0|5|2|5|1|76|31|3132107|31|3162450|2|3|0|||||||||||||0|||||||||||||||||||||||||1|0|1|0|0|25|8528858||0|0|31297518|3|3102|31003|31|3162450|316245005|2|2|||||||||1|2|1
2016|216226640|144871655635|26|7|1989|26|27|310|0|0|0|0|5|1|5|1|76|31|3162450|31|3162450|2|3|0|||||||||||||0|||||||||||||||||||||||||1|0|1|0|0|25|8528858||0|0|31297518|3|3102|31003|31|3162450|316245005|2|2|||||||||1|2|1
2016|216226618|128345618773|10|8|2000|15|16|310|0|0|0|0|5|1|5|1|76|31|3162450|31|3162450|2|3|0|||||||||||||0|||||||||||||||||||||||||1|0|1|0|0|25|8528858||0|0|31297518|3|3102|31003|31|3162450|316245005|2|2|||||||||1|2|1
2016|216226465|118307813670|12|5|1999|17|17|310|0|0|0|0|5|1|5|1|76|35|3550308|31|3162450|2|3|0|||||||||||||0|||||||||||||||||||||||||1|0|1|0|0|25|8528858||0|0|31297518|3|3102|31003|31|3162450|316245005|2|2|||||||||1|2|1
2016|216226411|122070016608|18|2|1984|32|32|310|0|0|0|0|5|2|5|1|76|31|3162450|31|3162450|2|3|0|||||||||||||0|||||||||||||||||||||||||1|0|1|0|0|25|8528858||0|0|31297518|3|3102|31003|31|3162450|316245005|2|2|||||||||1|2|1
2016|216226549|123612168761|12|6|1981|34|35|310|0|0|0|0|5|2|5|1|76|31|3132107|31|3162450|2|3|0|||||||||||||0|||||||||||||||||||||||||1|0|1|0|0|25|8528858||0|0|31297518|3|3102|31003|31|3162450|316245005|2|2|||||||||1|2|1
2016|216226396|118287353709|25|3|1999|17|17|310|0|0|0|0|5|2|5|1|76|31|3162450|31|3162450|2|3|0|||||||||||||0|||||||||||||||||||||||||1|0|1|0|0|25|8528858||0|0|31297518|3|3102|31003|31|3162450|316245005|2|2|||||||||1|2|1
2016|216226388|113639264460|5|10|1998|17|18|310|0|0|0|0|5|2|5|1|76|31|3162450|31|3162450|2|3|1|2|0|1|0|0|0|0|0|0|0|0|0|0|||||||||||||||||||||||||1|0|1|0|0|25|8528858||0|0|31297518|3|3102|31003|31|3162450|316245005|2|2|||||||||1|2|1
2016|216226387|111903339706|6|10|2000|15|16|310|0|0|0|0|5|2|5|1|76|31|3162450|31|3162450|2|3|1|2|0|1|0|0|0|0|0|0|0|0|0|0|||||||||||||||||||||||||1|0|1|0|0|25|8528858||0|0|31297518|3|3102|31003|31|3162450|316245005|2|2|||||||||1|2|1
2016|216226293|113790278377|2|6|1994|21|22|310|0|0|0|0|5|2|5|1|76|31|3162450|31|3162450|2|3|1|2|0|1|0|0|0|0|0|1|0|0|0|0|||||||||||||||||||||||||1|0|1|0|0|25|8528858||0|0|31297518|3|3102|31003|31|3162450|316245005|2|2|||||||||1|2|1
2016|216226480|118308133230|17|12|2000|15|16|310|0|0|0|0|5|2|5|1|76|31|3162450|31|3162450|2|3|0|||||||||||||0|||||||||||||||||||||||||1|0|1|0|0|25|8528858||0|0|31297518|3|3102|31003|31|3162450|316245005|2|2|||||||||1|2|1
2016|216226478|118308418820|21|12|2000|15|16|310|0|0|0|0|5|1|5|1|76|31|3162450|31|3162450|2|3|0|||||||||||||0|||||||||||||||||||||||||1|0|1|0|0|25|8528858||0|0|31297518|3|3102|31003|31|3162450|316245005|2|2|||||||||1|2|1
2016|216226483|114640082729|19|3|1997|19|19|310|0|0|0|0|5|1|5|1|76|31|3132107|31|3162450|2|3|0|||||||||||||0|||||||||||||||||||||||||1|0|1|0|0|25|8528858||0|0|31297518|3|3102|31003|31|3162450|316245005|2|2|||||||||1|2|1
2016|216226389|114941715208|31|5|2000|16|16|310|0|0|0|0|5|2|5|1|76|31|3162450|31|3162450|2|3|1|2|0|1|0|0|0|0|0|0|0|0|0|0|||||||||||||||||||||||||1|0|1|0|0|25|8528858||0|0|31297518|3|3102|31003|31|3162450|316245005|2|2|||||||||1|2|1
2016|216226472|113219023524|12|4|2000|16|16|310|0|0|0|0|5|2|5|1|76|31|3162450|31|3162450|2|3|0|||||||||||||0|||||||||||||||||||||||||1|0|1|0|0|25|8528858||0|0|31297518|3|3102|31003|31|3162450|316245005|2|2|||||||||1|2|1
2016|216226494|110620032412|11|7|1998|17|18|310|0|0|0|0|5|1|5|1|76|31|3162450|31|3162450|2|3|0|||||||||||||0|||||||||||||||||||||||||1|0|1|0|0|25|8528858||0|0|31297518|3|3102|31003|31|3162450|316245005|2|2|||||||||1|2|1
2016|216226292|113221519620|6|2|2000|16|16|310|0|0|0|0|5|2|5|1|76|31|3162450|31|3162450|2|3|0|||||||||||||0|||||||||||||||||||||||||1|0|1|0|0|25|8528858||0|0|31297518|3|3102|31003|31|3162450|316245005|2|2|||||||||1|2|1
2016|216226398|112809146704|10|12|1999|16|17|310|0|0|0|0|5|2|5|1|76|31|3162450|31|3162450|2|3|1|2|0|1|0|0|0|0|0|0|0|0|0|0|||||||||||||||||||||||||1|0|1|0|0|25|8528858||0|0|31297518|3|3102|31003|31|3162450|316245005|2|2|||||||||1|2|1
2016|216221946|117590596255|3|2|2000|16|16|260|0|0|0|0|5|1|5|1|76|31|3162450|31|3162450|2|3|0|||||||||||||0|||||||||||||||||||||||||1|0|1|0|0|25|8528695||0|0|31269875|3|3102|31003|31|3162450|316245005|2|2|||||||||1|2|1
2016|216221777|110579644846|18|10|1999|16|17|260|0|0|0|0|5|1|5|1|76|31|3162450|31|3162450|2|3|1|2|0|1|0|0|0|0|0|0|0|0|0|0|||||||||||||||||||||||||1|0|1|0|0|25|8528695||0|0|31269875|3|3102|31003|31|3162450|316245005|2|2|||||||||1|2|1
2016|216221965|118248431001|28|12|2000|15|16|260|0|0|0|0|5|2|5|1|76|31|3162450|31|3162450|2|3|1|2|0|1|0|0|0|0|0|0|0|0|0|0|||||||||||||||||||||||||1|0|1|0|0|25|8528695||0|0|31269875|3|3102|31003|31|3162450|316245005|2|2|||||||||1|2|1
2016|216222481|111183302265|22|5|1978|38|38|260|0|0|0|0|5|2|5|1|76|31|3162450|31|3162450|2|3|1|2|0|1|0|0|0|0|0|0|1|0|0|0|||||||||||||||||||||||||1|0|1|0|0|25|8528695||0|0|31269875|3|3102|31003|31|3162450|316245005|2|2|||||||||1|2|1
2016|216222192|122030611467|14|12|1992|23|24|260|0|0|0|0|5|2|5|1|76|31|3162450|31|3162450|2|3|1|2|0|1|0|0|0|0|0|0|0|0|0|0|||||||||||||||||||||||||1|0|1|0|0|25|8528695||0|0|31269875|3|3102|31003|31|3162450|316245005|2|2|||||||||1|2|1
2016|216222193|122030611548|11|1|1987|29|29|260|0|0|0|0|5|2|5|1|76|31|3162450|31|3162450|2|3|1|2|0|1|0|0|0|0|0|0|0|0|0|0|||||||||||||||||||||||||1|0|1|0|0|25|8528695||0|0|31269875|3|3102|31003|31|3162450|316245005|2|2|||||||||1|2|1
2016|216221926|114524104614|14|5|1999|17|17|260|0|0|0|0|5|2|5|1|76|31|3162450|31|3162450|2|3|1|2|0|1|0|0|0|0|0|0|0|0|0|0|||||||||||||||||||||||||1|0|1|0|0|25|8528695||0|0|31269875|3|3102|31003|31|3162450|316245005|2|2|||||||||1|2|1
2016|216222284|119515993813|27|7|1999|16|17|260|0|0|0|0|5|1|5|1|76|31|3162450|31|3162450|2|3|1|2|0|1|0|0|0|0|0|0|0|0|0|0|||||||||||||||||||||||||1|0|1|0|0|25|8528695||0|0|31269875|3|3102|31003|31|3162450|316245005|2|2|||||||||1|2|1
2016|216223948|144871646130|16|9|1995|20|21|260|0|0|0|0|5|1|5|1|76|31|3162450|31|3162450|2|3|1|2|0|1|0|0|0|0|0|0|0|0|0|0|||||||||||||||||||||||||1|0|1|0|0|25|8528696||0|0|31269875|3|3102|31003|31|3162450|316245005|2|2|||||||||1|2|1
2016|216223810|144871640875|1|5|1985|31|31|260|0|0|0|0|5|2|5|1|76|31|3162450|31|3162450|2|3|1|2|0|1|0|0|0|0|0|0|0|0|0|0|||||||||||||||||||||||||1|0|1|0|0|25|8528696||0|0|31269875|3|3102|31003|31|3162450|316245005|2|2|||||||||1|2|1
2016|216222371|122825469113|13|10|1984|31|32|260|0|0|0|0|5|2|5|1|76|31|3162450|31|3162450|2|3|0|||||||||||||0|||||||||||||||||||||||||1|0|1|0|0|25|8528696||0|0|31269875|3|3102|31003|31|3162450|316245005|2|2|||||||||1|2|1
2016|216221975|118256057423|5|6|2001|14|15|260|0|0|0|0|5|1|5|1|76|31|3162450|31|3162450|2|3|1|2|0|1|0|0|0|0|0|0|0|0|0|0|||||||||||||||||||||||||1|0|1|0|0|25|8528696||0|0|31269875|3|3102|31003|31|3162450|316245005|2|2|||||||||1|2|1
2016|216221844|112315694093|18|7|1998|17|18|260|0|0|0|0|5|2|5|1|76|31|3162450|31|3162450|2|3|1|2|0|1|0|0|0|0|0|0|0|0|0|0|||||||||||||||||||||||||1|0|1|0|0|25|8528696||0|0|31269875|3|3102|31003|31|3162450|316245005|2|2|||||||||1|2|1
2016|216221779|110708326934|3|10|1996|19|20|260|0|0|0|0|5|2|5|1|76|31|3162450|31|3162450|2|3|1|2|0|1|0|0|0|0|0|0|0|0|0|0|||||||||||||||||||||||||1|0|1|0|0|25|8528696||0|0|31269875|3|3102|31003|31|3162450|316245005|2|2|||||||||1|2|1
2016|216221988|118289905318|5|8|1999|16|17|260|0|0|0|0|5|1|5|1|76|31|3162450|31|3162450|2|3|1|2|0|1|0|0|0|0|0|0|0|0|0|0|||||||||||||||||||||||||1|0|1|0|0|25|8528696||0|0|31269875|3|3102|31003|31|3162450|316245005|2|2|||||||||1|2|1
2016|216221929|114599618704|4|10|1999|16|17|260|0|0|0|0|5|2|5|1|76|31|3162450|31|3162450|2|3|1|2|0|1|0|0|0|0|0|0|0|0|0|0|||||||||||||||||||||||||1|0|1|0|0|25|8528696||0|0|31269875|3|3102|31003|31|3162450|316245005|2|2|||||||||1|2|1
2016|216221974|118256003684|22|2|1999|17|17|260|0|0|0|0|5|1|5|1|76|31|3162450|31|3162450|2|3|1|2|0|1|0|0|0|0|0|0|0|0|0|0|||||||||||||||||||||||||1|0|1|0|0|25|8528696||0|0|31269875|3|3102|31003|31|3162450|316245005|2|2|||||||||1|2|1
2016|216221787|111032140126|6|10|1999|16|17|260|0|0|0|0|5|2|5|1|76|31|3162450|31|3162450|2|3|1|2|0|1|0|0|0|0|0|0|0|0|0|0|||||||||||||||||||||||||1|0|1|0|0|25|8528696||0|0|31269875|3|3102|31003|31|3162450|316245005|2|2|||||||||1|2|1
2016|216221841|112293618985|10|6|1998|17|18|260|0|0|0|0|5|1|5|1|76|31|3162450|31|3162450|2|3|1|2|0|1|0|0|0|0|0|0|0|0|0|0|||||||||||||||||||||||||1|0|1|0|0|25|8528696||0|0|31269875|3|3102|31003|31|3162450|316245005|2|2|||||||||1|2|1
2016|216221973|118255548385|11|3|2001|15|15|260|0|0|0|0|5|1|5|1|76|31|3162450|31|3162450|2|3|1|2|0|1|0|0|0|0|0|0|0|0|0|0|||||||||||||||||||||||||1|0|1|0|0|25|8528696||0|0|31269875|3|3102|31003|31|3162450|316245005|2|2|||||||||1|2|1
2016|216221863|112821997220|2|7|1996|19|20|260|0|0|0|0|5|2|5|1|76|31|3132107|31|3162450|2|3|1|2|0|1|0|0|0|0|0|0|0|0|0|0|||||||||||||||||||||||||1|0|1|0|0|25|8528696||0|0|31269875|3|3102|31003|31|3162450|316245005|2|2|||||||||1|2|1
2016|216221945|117503007884|3|8|2000|15|16|260|0|0|0|0|5|1|5|1|76|31|3162450|31|3162450|2|3|1|2|0|1|0|0|0|0|0|0|0|0|0|0|||||||||||||||||||||||||1|0|1|0|0|25|8528696||0|0|31269875|3|3102|31003|31|3162450|316245005|2|2|||||||||1|2|1
2016|216221954|118003751747|10|11|1998|17|18|260|0|0|0|0|5|1|5|1|76|31|3162450|31|3162450|2|3|1|2|0|1|0|0|0|0|0|0|0|0|0|0|||||||||||||||||||||||||1|0|1|0|0|25|8528696||0|0|31269875|3|3102|31003|31|3162450|316245005|2|2|||||||||1|2|1
2016|216221796|111258786906|2|6|1998|17|18|260|0|0|0|0|5|1|5|1|76|31|3162450|31|3162450|2|3|1|2|0|1|0|0|0|0|0|0|0|0|0|0|||||||||||||||||||||||||1|0|1|0|0|25|8528696||0|0|31269875|3|3102|31003|31|3162450|316245005|2|2|||||||||1|2|1
2016|216221764|110051548568|13|12|1999|16|17|260|0|0|0|0|5|1|5|1|76|31|3162450|31|3162450|2|3|0|||||||||||||0|||||||||||||||||||||||||1|0|1|0|0|25|8528696||0|0|31269875|3|3102|31003|31|3162450|316245005|2|2|||||||||1|2|1
2016|216221780|110730446378|6|2|2000|16|16|260|0|0|0|0|5|1|5|1|76|31|3132107|31|3162450|2|3|1|2|0|1|0|0|0|0|0|0|0|0|0|0|||||||||||||||||||||||||1|0|1|0|0|25|8528696||0|0|31269875|3|3102|31003|31|3162450|316245005|2|2|||||||||1|2|1
2016|216221830|112067216774|29|8|1998|17|18|260|0|0|0|0|5|1|5|1|76|31|3162450|31|3162450|2|3|1|2|0|1|0|0|0|0|0|0|0|0|0|0|||||||||||||||||||||||||1|0|1|0|0|25|8528696||0|0|31269875|3|3102|31003|31|3162450|316245005|2|2|||||||||1|2|1
2016|216221792|111107672340|20|7|1999|16|17|260|0|0|0|0|5|2|5|1|76|31|3162450|31|3162450|2|3|0|||||||||||||0|||||||||||||||||||||||||1|0|1|0|0|25|8528696||0|0|31269875|3|3102|31003|31|3162450|316245005|2|2|||||||||1|2|1
2016|216222183|111009936220|8|12|1997|18|19|260|0|0|0|0|5|2|5|1|76|31|3139300|31|3162450|2|3|1|2|0|1|0|0|0|0|0|0|0|0|0|0|||||||||||||||||||||||||1|0|1|0|0|25|8528696||0|0|31269875|3|3102|31003|31|3162450|316245005|2|2|||||||||1|2|1
2016|216949836|144887810805|20|2|1983|33|33|260|0|0|0|0|5|1|3|1|76|31|3139300|31|3162450|2|3|0|||||||||||||0|||||||||||||||||||||||||1|0|1|0|0|25|8558315||0|0|31356786|3|3102|31003|31|3162450|316245005|2|2|||||||||1|2|1
2016|216949731|124204229297|22|5|1999|17|17|260|0|0|0|0|5|1|5|1|76|31|3162450|31|3162450|2|3|0|||||||||||||0|||||||||||||||||||||||||1|0|1|0|0|25|8558315||0|0|31356786|3|3102|31003|31|3162450|316245005|2|2|||||||||1|2|1
2016|216949419|110654947340|10|9|1997|18|19|260|0|0|0|0|5|1|5|1|76|31|3162450|31|3162450|2|3|0|||||||||||||0|||||||||||||||||||||||||1|0|1|0|0|25|8558315||0|0|31356786|3|3102|31003|31|3162450|316245005|2|2|||||||||1|2|1
2016|216949453|118222697098|3|8|2000|15|16|260|0|0|0|0|5|2|5|1|76|31|3162450|31|3162450|2|3|0|||||||||||||0|||||||||||||||||||||||||1|0|1|0|0|25|8558315||0|0|31356786|3|3102|31003|31|3162450|316245005|2|2|||||||||1|2|1
2016|216949469|118306998307|2|5|1999|17|17|260|0|0|0|0|5|2|5|1|76|31|3162450|31|3162450|2|3|0|||||||||||||0|||||||||||||||||||||||||1|0|1|0|0|25|8558315||0|0|31356786|3|3102|31003|31|3162450|316245005|2|2|||||||||1|2|1
2016|216949433|112746519991|16|4|1998|18|18|260|0|0|0|0|5|1|5|1|76|31|3162450|31|3162450|2|3|0|||||||||||||0|||||||||||||||||||||||||1|0|1|0|0|25|8558315||0|0|31356786|3|3102|31003|31|3162450|316245005|2|2|||||||||1|2|1
2016|216949438|113447795149|26|5|1999|17|17|260|0|0|0|0|5|2|0|1|76|31|3162450|31|3162450|2|3|0|||||||||||||0|||||||||||||||||||||||||1|0|1|0|0|25|8558315||0|0|31356786|3|3102|31003|31|3162450|316245005|2|2|||||||||1|2|1
2016|216949418|110428731782|20|6|1999|16|17|260|0|0|0|0|5|2|5|1|76|31|3139300|31|3162450|2|3|0|||||||||||||0|||||||||||||||||||||||||1|0|1|0|0|25|8558315||0|0|31356786|3|3102|31003|31|3162450|316245005|2|2|||||||||1|2|1
2016|216949466|118289783530|5|8|2000|15|16|260|0|0|0|0|5|1|5|1|76|31|3162450|31|3162450|2|3|0|||||||||||||0|||||||||||||||||||||||||1|0|1|0|0|25|8558315||0|0|31356786|3|3102|31003|31|3162450|316245005|2|2|||||||||1|2|1
2016|216949446|118164967318|24|11|2000|15|16|260|0|0|0|0|5|1|5|1|76|31|3132107|31|3162450|2|3|0|||||||||||||0|||||||||||||||||||||||||1|0|1|0|0|25|8558315||0|0|31356786|3|3102|31003|31|3162450|316245005|2|2|||||||||1|2|1
2016|217996320|144899041186|15|3|1983|33|33|260|0|0|0|0|5|1|5|1|76|31|3162450|31|3162450|2|3|1|2|0|0|1|0|0|0|0|0|0|1|0|0|||||||||||||||||||||||||1|0|1|0|0|25|8598290||0|0|31361461|3|3102|31003|31|3162450|316245005|2|2|||||||||1|2|1
2016|217996302|113372294156|20|8|1991|24|25|260|0|0|0|0|5|1|5|1|76|31|3162450|31|3162450|2|3|0|||||||||||||0|||||||||||||||||||||||||1|0|1|0|0|25|8598290||0|0|31361461|3|3102|31003|31|3162450|316245005|2|2|||||||||1|2|1
2016|217996284|128400494490|12|1|2001|15|15|260|0|0|0|0|5|2|5|1|76|31|3162450|31|3162450|2|3|1|2|0|0|1|0|0|0|0|0|0|1|0|0|||||||||||||||||||||||||1|0|1|0|0|25|8598290||0|0|31361461|3|3102|31003|31|3162450|316245005|2|2|||||||||1|2|1
2016|217996135|124309982203|19|4|1986|30|30|260|0|0|0|0|5|2|5|1|76|31|3162450|31|3162450|2|3|0|||||||||||||0|||||||||||||||||||||||||1|0|1|0|0|25|8598290||0|0|31361461|3|3102|31003|31|3162450|316245005|2|2|||||||||1|2|1
2016|217996163|122158820500|16|2|1997|19|19|260|0|0|0|0|5|1|5|1|76|31|3162450|31|3162450|2|3|1|2|0|0|1|0|0|0|0|0|0|1|0|0|||||||||||||||||||||||||1|0|1|0|0|25|8598290||0|0|31361461|3|3102|31003|31|3162450|316245005|2|2|||||||||1|2|1
2016|217995933|113296902146|31|12|1998|17|18|260|0|0|0|0|5|1|5|1|76|31|3162450|31|3162450|2|3|0|||||||||||||0|||||||||||||||||||||||||1|0|1|0|0|25|8598290||0|0|31361461|3|3102|31003|31|3162450|316245005|2|2|||||||||1|2|1
2016|217996283|123611885702|12|7|1998|17|18|260|0|0|0|0|5|2|5|1|76|31|3162450|31|3162450|2|3|1|2|0|0|1|0|0|0|0|0|0|1|0|0|||||||||||||||||||||||||1|0|1|0|0|25|8598290||0|0|31361461|3|3102|31003|31|3162450|316245005|2|2|||||||||1|2|1
2016|217995915|118280754503|9|1|1999|17|17|260|0|0|0|0|5|2|5|1|76|31|3162450|31|3162450|2|3|0|||||||||||||0|||||||||||||||||||||||||1|0|1|0|0|25|8598290||0|0|31361461|3|3102|31003|31|3162450|316245005|2|2|||||||||1|2|1
2016|217995917|118306367587|11|3|2001|15|15|260|0|0|0|0|5|2|5|1|76|31|3162450|31|3162450|2|3|0|||||||||||||0|||||||||||||||||||||||||1|0|1|0|0|25|8598290||0|0|31361461|3|3102|31003|31|3162450|316245005|2|2|||||||||1|2|1
2016|217996009|118269870373|7|12|1998|17|18|260|0|0|0|0|5|1|5|1|76|31|3162450|31|3162450|2|3|1|2|0|0|1|0|0|0|0|0|0|1|0|0|||||||||||||||||||||||||1|0|1|0|0|25|8598290||0|0|31361461|3|3102|31003|31|3162450|316245005|2|2|||||||||1|2|1
2016|217995918|118306416979|29|5|2000|16|16|260|0|0|0|0|5|2|5|1|76|31|3162450|31|3162450|2|3|1|2|0|0|1|0|0|0|0|0|0|1|0|0|||||||||||||||||||||||||1|0|1|0|0|25|8598290||0|0|31361461|3|3102|31003|31|3162450|316245005|2|2|||||||||1|2|1
2016|217995916|118307177668|5|11|1999|16|17|260|0|0|0|0|5|2|5|1|76|31|3162450|31|3162450|2|3|1|2|0|0|1|0|0|0|0|0|0|1|0|0|||||||||||||||||||||||||1|0|1|0|0|25|8598290||0|0|31361461|3|3102|31003|31|3162450|316245005|2|2|||||||||1|2|1
2016|217996285|122825607958|3|3|1998|18|18|260|0|0|0|0|5|2|5|1|76|31|3162450|31|3162450|2|3|0|||||||||||||0|||||||||||||||||||||||||1|0|1|0|0|25|8598290||0|0|31361461|3|3102|31003|31|3162450|316245005|2|2|||||||||1|2|1
2016|217995969|118233128618|7|11|1997|18|19|260|0|0|0|0|5|2|5|1|76|31|3142254|31|3162450|2|3|1|2|0|0|1|0|0|0|0|0|0|1|0|0|||||||||||||||||||||||||1|0|1|0|0|25|8598290||0|0|31361461|3|3102|31003|31|3162450|316245005|2|2|||||||||1|2|1
2016|217996071|110482092458|11|10|1997|18|19|260|0|0|0|0|5|1|5|1|76|31|3162450|31|3162450|2|3|0|||||||||||||0|||||||||||||||||||||||||1|0|1|0|0|25|8598290||0|0|31361461|3|3102|31003|31|3162450|316245005|2|2|||||||||1|2|1
2016|217995908|112164714520|1|12|1991|24|25|260|0|0|0|0|5|2|5|1|76|31|3162450|31|3162450|2|3|1|2|0|0|1|0|0|0|0|0|0|1|0|0|||||||||||||||||||||||||1|0|1|0|0|25|8598290||0|0|31361461|3|3102|31003|31|3162450|316245005|2|2|||||||||1|2|1
2016|217996319|110124743560|17|2|1992|24|24|260|0|0|0|0|5|1|5|1|76|31|3162450|31|3162450|2|3|1|2|0|0|1|0|0|0|0|0|0|1|0|0|||||||||||||||||||||||||1|0|1|0|0|25|8598290||0|0|31361461|3|3102|31003|31|3162450|316245005|2|2|||||||||1|2|1
2016|217995822|118307657368|17|6|1999|16|17|260|0|0|0|0|5|2|5|1|76|31|3162450|31|3162450|2|3|0|||||||||||||0|||||||||||||||||||||||||1|0|1|0|0|25|8598290||0|0|31361461|3|3102|31003|31|3162450|316245005|2|2|||||||||1|2|1
2016|217995919|118306480472|15|7|2000|15|16|260|0|0|0|0|5|2|5|1|76|31|3139300|31|3162450|2|3|1|2|0|0|1|0|0|0|0|0|0|1|0|0|||||||||||||||||||||||||1|0|1|0|0|25|8598290||0|0|31361461|3|3102|31003|31|3162450|316245005|2|2|||||||||1|2|1
2016|217995981|119982081682|21|3|1998|18|18|260|0|0|0|0|5|2|5|1|76|31|3162450|31|3162450|2|3|1|2|0|0|1|0|0|0|0|0|0|1|0|0|||||||||||||||||||||||||1|0|1|0|0|25|8598290||0|0|31361461|3|3102|31003|31|3162450|316245005|2|2|||||||||1|2|1
2016|217995972|119936798715|31|5|2000|16|16|260|0|0|0|0|5|2|5|1|76|31|3139300|31|3162450|2|3|1|2|0|0|1|0|0|0|0|0|0|1|0|0|||||||||||||||||||||||||1|0|1|0|0|25|8598290||0|0|31361461|3|3102|31003|31|3162450|316245005|2|2|||||||||1|2|1
