NU_ANO_CENSO|ID_ALUNO|ID_MATRICULA|NU_DIA|NU_MES|NU_ANO|NU_IDADE_REFERENCIA|NU_IDADE|NU_DURACAO_TURMA|NU_DUR_ATIV_COMP_MESMA_REDE|NU_DUR_ATIV_COMP_OUTRAS_REDES|NU_DUR_AEE_MESMA_REDE|NU_DUR_AEE_OUTRAS_REDES|NU_DIAS_ATIVIDADE|TP_SEXO|TP_COR_RACA|TP_NACIONALIDADE|CO_PAIS_ORIGEM|CO_UF_NASC|CO_MUNICIPIO_NASC|CO_UF_END|CO_MUNICIPIO_END|TP_ZONA_RESIDENCIAL|TP_OUTRO_LOCAL_AULA|IN_TRANSPORTE_PUBLICO|TP_RESPONSAVEL_TRANSPORTE|IN_TRANSP_VANS_KOMBI|IN_TRANSP_MICRO_ONIBUS|IN_TRANSP_ONIBUS|IN_TRANSP_BICICLETA|IN_TRANSP_TR_ANIMAL|IN_TRANSP_OUTRO_VEICULO|IN_TRANSP_EMBAR_ATE5|IN_TRANSP_EMBAR_5A15|IN_TRANSP_EMBAR_15A35|IN_TRANSP_EMBAR_35|IN_TRANSP_TREM_METRO|IN_NECESSIDADE_ESPECIAL|IN_CEGUEIRA|IN_BAIXA_VISAO|IN_SURDEZ|IN_DEF_AUDITIVA|IN_SURDOCEGUEIRA|IN_DEF_FISICA|IN_DEF_INTELECTUAL|IN_DEF_MULTIPLA|IN_AUTISMO|IN_SINDROME_ASPERGER|IN_SINDROME_RETT|IN_TRANSTORNO_DI|IN_SUPERDOTACAO|IN_RECURSO_LEDOR|IN_RECURSO_TRANSCRICAO|IN_RECURSO_INTERPRETE|IN_RECURSO_LIBRAS|IN_RECURSO_LABIAL|IN_RECURSO_BRAILLE|IN_RECURSO_AMPLIADA_16|IN_RECURSO_AMPLIADA_20|IN_RECURSO_AMPLIADA_24|IN_RECURSO_NENHUM|TP_INGRESSO_FEDERAIS|TP_MEDIACAO_DIDATICO_PEDAGO|IN_ESPECIAL_EXCLUSIVA|IN_REGULAR|IN_EJA|IN_PROFISSIONALIZANTE|TP_ETAPA_ENSINO|ID_TURMA|CO_CURSO_EDUC_PROFISSIONAL|TP_UNIFICADA|TP_TIPO_TURMA|CO_ENTIDADE|CO_REGIAO|CO_MESORREGIAO|CO_MICRORREGIAO|CO_UF|CO_MUNICIPIO|CO_DISTRITO|TP_DEPENDENCIA|TP_LOCALIZACAO|TP_CATEGORIA_ESCOLA_PRIVADA|IN_CONVENIADA_PP|TP_CONVENIO_PODER_PUBLICO|IN_MANT_ESCOLA_PRIVADA_EMP|IN_MANT_ESCOLA_PRIVADA_ONG|IN_MANT_ESCOLA_PRIVADA_SIND|IN_MANT_ESCOLA_PRIVADA_SIST_S|IN_MANT_ESCOLA_PRIVADA_S_FINS|TP_REGULAMENTACAO|TP_LOCALIZACAO_DIFERENCIADA|IN_EDUCACAO_INDIGENA
2018|9264A5CEA415EC866C2842EC2EAF7D33|306470072|1|8|2001|16|17|260|0|0|0|0|5|2|5|1|76|31|3162450|31|3162450|2|3|1|2|0|1|0|0|0|0|0|0|1|0|0|0|||||||||||||||||||||||||1|0|1|0|0|26|13349175||0|0|31269875|3|3102|31003|31|3162450|316245005|2|2|||||||||1|2|1
2018|BABE114FF9F2781E1A3F20D12EBE34A3|304024932|5|6|2002|15|16|260|0|0|0|0|5|1|5|1|76|31|3162450|31|3162450|2|3|1|2|0|1|0|0|0|0|0|0|1|0|0|0|||||||||||||||||||||||||1|0|1|0|0|26|13232801||0|0|31297518|3|3102|31003|31|3162450|316245005|2|2|||||||||1|2|1
2018|3B98A64D515C3DFFB34A032FF38B473D|303902534|4|2|2001|17|17|260|0|0|0|0|5|1|5|1|76|31|3162450|31|3162450|2|3|1|2|0|0|1|0|0|0|0|0|0|0|0|0|||||||||||||||||||||||||1|0|1|0|0|26|13230245||0|0|31322571|3|3102|31003|31|3162450|316245005|2|2|||||||||1|2|1
2018|DF6C890C3707E1F135504BD87DCE99B6|304030778|27|6|2001|16|17|260|0|0|0|0|5|2|5|1|76|31|3139300|31|3162450|2|3|1|2|0|1|0|0|0|0|0|0|0|0|0|0|||||||||||||||||||||||||1|0|1|0|0|26|13234798||0|0|31338745|3|3102|31003|31|3162450|316245005|2|2|||||||||1|2|1
2018|61F1297CEADC97E61BB3F8AB91768FF2|303896139|8|9|2001|16|17|210|0|0|0|0|5|1|5|1|76|31|3162450|31|3162450|2|3|0|||||||||||||0|||||||||||||||||||||||||1|0|1|0|0|26|13229965||0|0|31361461|3|3102|31003|31|3162450|316245005|2|2|||||||||1|2|1
2018|DC84F349FACCB60A2FF5A9918C076A5E|303896160|12|10|2000|17|18|210|0|0|0|0|5|2|5|1|76|31|3162450|31|3162450|2|3|0|||||||||||||0|||||||||||||||||||||||||1|0|1|0|0|26|13229965||0|0|31361461|3|3102|31003|31|3162450|316245005|2|2|||||||||1|2|1
2018|A23D8099521B8DA80ECFE7BEA8F81499|303903698|14|3|1997|21|21|260|0|0|0|0|5|1|5|1|76|31|3162450|31|3162450|2|3|1|2|0|0|1|0|0|0|0|0|0|1|0|0|||||||||||||||||||||||||1|0|1|0|0|26|13230326||0|0|31338753|3|3102|31003|31|3162450|316245005|2|2|||||||||1|2|1
2018|32B70DAEFAE6DE9FD60500A53DA340ED|303902398|11|6|2001|16|17|260|0|0|0|0|5|2|3|1|76|31|3132107|31|3135209|2|3|1|2|0|0|1|0|0|0|0|0|0|0|0|0|||||||||||||||||||||||||1|0|1|0|0|26|13230285||0|0|31322571|3|3102|31003|31|3162450|316245005|2|2|||||||||1|2|1
2018|6D01C314841FECEA5B4133BEC1A83A0C|303882725|13|9|1997|20|21|260|0|0|0|0|5|2|5|1|76|31|3162450|31|3162450|2|3|0|||||||||||||0|||||||||||||||||||||||||1|0|1|0|0|26|13229505||0|0|31319058|3|3102|31003|31|3162450|316245005|2|2|||||||||1|2|1
2018|A4C06D3DDDC3204050FD01FDBA7D2093|296367442|4|2|2002|16|16|260|0|0|0|0|5|2|5|1|76|31|3162450|31|3162450|2|3|0|||||||||||||0|||||||||||||||||||||||||1|0|1|0|0|26|12908020||0|0|31338770|3|3102|31003|31|3162450|316245005|2|2|||||||||1|2|1
2018|AA78C0BD49F7617A29FB5A22B7569FD5|306469837|20|11|1999|18|19|260|0|0|0|0|5|2|5|1|76|31|3162450|31|3162450|2|3|0|||||||||||||0|||||||||||||||||||||||||1|0|1|0|0|26|13349175||0|0|31269875|3|3102|31003|31|3162450|316245005|2|2|||||||||1|2|1
2018|E5A24EC733E9ADE6202B26C5EFAF5ECE|306469898|9|1|2002|16|16|260|0|0|0|0|5|2|5|1|76|31|3139300|31|3162450|2|3|0|||||||||||||0|||||||||||||||||||||||||1|0|1|0|0|26|13349174||0|0|31269875|3|3102|31003|31|3162450|316245005|2|2|||||||||1|2|1
2018|C73FCDB7258F4758CAEBF9CFB57CB116|303902619|11|11|2002|15|16|260|0|0|0|0|5|1|5|1|76|31|3162450|31|3162450|2|3|1|2|0|0|1|0|0|0|0|0|0|0|0|0|||||||||||||||||||||||||1|0|1|0|0|26|13230283||0|0|31322571|3|3102|31003|31|3162450|316245005|2|2|||||||||1|2|1
2018|E454A2AE153CE1EC6BCF66DB7C24010D|303903323|3|7|1997|20|21|260|0|0|0|0|5|1|3|1|76|31|3132107|31|3132107|2|3|1|2|0|0|1|0|0|0|0|0|0|0|0|0|||||||||||||||||||||||||1|0|1|0|0|26|13230244||0|0|31322571|3|3102|31003|31|3162450|316245005|2|2|||||||||1|2|1
2018|E374A32224E2EBC47E0FC633FB4FB4B1|303896145|30|8|1998|19|20|210|0|0|0|0|5|1|5|1|76|31|3162450|31|3162450|2|3|0|||||||||||||0|||||||||||||||||||||||||1|0|1|0|0|26|13229984||0|0|31361461|3|3102|31003|31|3162450|316245005|2|2|||||||||1|2|1
2018|C3C454C557D26BAA11D200E28325611F|298372305|4|8|2001|16|17|260|0|0|0|0|5|1|5|1|76|31|3139300|31|3162450|2|3|1|2|0|0|1|0|0|0|0|0|0|0|0|0|||||||||||||||||||||||||1|0|1|0|0|26|12983406||0|0|31356786|3|3102|31003|31|3162450|316245005|2|2|||||||||1|2|1
2018|0270817DFB9225662BDE2DBD6123E001|296367450|4|4|2002|16|16|260|0|0|0|0|5|2|5|1|76|31|3162450|31|3162450|2|3|0|||||||||||||0|||||||||||||||||||||||||1|0|1|0|0|26|12908020||0|0|31338770|3|3102|31003|31|3162450|316245005|2|2|||||||||1|2|1
2018|68E8FF0AE2365F6219131D3C5300E696|303902400|26|8|1993|24|25|260|0|0|0|0|5|2|3|1|76|31|3132107|31|3162450|2|3|1|2|0|1|0|0|0|0|0|0|0|0|0|0|||||||||||||||||||||||||1|0|1|0|0|26|13230283||0|0|31322571|3|3102|31003|31|3162450|316245005|2|2|||||||||1|2|1
2018|4664485408CFC40A882EA8F18C8B6972|303902328|13|5|2000|18|18|260|0|0|0|0|5|1|5|1|76|31|3132107|31|3162450|2|3|0|||||||||||||0|||||||||||||||||||||||||1|0|1|0|0|26|13230245||0|0|31322571|3|3102|31003|31|3162450|316245005|2|2|||||||||1|2|1
2018|12DC064ECAE98BCC49A632FE2CDA244E|306469808|23|11|2000|17|18|260|0|0|0|0|5|2|5|1|76|31|3162450|31|3162450|2|3|0|||||||||||||0|||||||||||||||||||||||||1|0|1|0|0|26|13349174||0|0|31269875|3|3102|31003|31|3162450|316245005|2|2|||||||||1|2|1
2018|878BDF0CDDBB8B64377D9E5C1A37E5C2|304030751|27|12|1993|24|25|260|0|0|0|0|5|1|5|1|76|31|3162450|31|3162450|2|3|1|2|0|1|0|0|0|0|0|0|0|0|0|0|||||||||||||||||||||||||1|0|1|0|0|26|13234798||0|0|31338745|3|3102|31003|31|3162450|316245005|2|2|||||||||1|2|1
2018|D8D028382B09D2FDA5CEBE3B33514311|303903132|3|9|2001|16|17|260|0|0|0|0|5|2|0|1|76|31|3132107|31|3132107|2|3|1|2|0|0|1|0|0|0|0|0|0|0|0|0|||||||||||||||||||||||||1|0|1|0|0|26|13230285||0|0|31322571|3|3102|31003|31|3162450|316245005|2|2|||||||||1|2|1
2018|9D9D13259F5130FEBA351F6D6D6D2A1E|303882786|27|3|2002|16|16|260|0|0|0|0|5|2|5|1|76|31|3139300|31|3162450|2|3|0|||||||||||||0|||||||||||||||||||||||||1|0|1|0|0|26|13229505||0|0|31319058|3|3102|31003|31|3162450|316245005|2|2|||||||||1|2|1
2018|9CED5D748E1239068C7FE3B72903B663|303882795|24|8|2001|16|17|260|0|0|0|0|5|2|5|1|76|31|3139300|31|3162450|2|3|0|||||||||||||0|||||||||||||||||||||||||1|0|1|0|0|26|13229505||0|0|31319058|3|3102|31003|31|3162450|316245005|2|2|||||||||1|2|1
2018|90B687D59CEE8DA4D24711134DBC71A1|303902529|8|6|2001|16|17|260|0|0|0|0|5|1|5|1|76|31|3139300|31|3162450|2|3|1|2|0|0|1|0|0|0|0|0|0|0|0|0|||||||||||||||||||||||||1|0|1|0|0|26|13230244||0|0|31322571|3|3102|31003|31|3162450|316245005|2|2|||||||||1|2|1
2018|13239FC5731D7E10DD14B790CBA93789|303882754|25|5|2002|16|16|260|0|0|0|0|5|2|5|1|76|31|3162450|31|3162450|2|3|0|||||||||||||0|||||||||||||||||||||||||1|0|1|0|0|26|13229505||0|0|31319058|3|3102|31003|31|3162450|316245005|2|2|||||||||1|2|1
2018|E7E3CFD0BACB4C517F19C5DECA369FE8|303903610|26|6|2002|15|16|260|0|0|0|0|5|1|5|1|76|31|3139300|31|3162450|2|3|0|||||||||||||0|||||||||||||||||||||||||1|0|1|0|0|26|13230326||0|0|31338753|3|3102|31003|31|3162450|316245005|2|2|||||||||1|2|1
2018|53DCA2688D5C0BDB6E6EEF19C309F13E|303896218|13|5|2003|15|15|210|0|0|0|0|5|1|5|1|76|31|3139300|31|3162450|2|3|0|||||||||||||0|||||||||||||||||||||||||1|0|1|0|0|26|13229965||0|0|31361461|3|3102|31003|31|3162450|316245005|2|2|||||||||1|2|1
2018|F7A5E4828DEDD878FD6288ADFD295337|303902351|12|5|1985|33|33|260|0|0|0|0|5|2|5|1|76|31|3132107|31|3162450|2|3|1|2|0|1|0|0|0|0|0|0|0|0|0|0|||||||||||||||||||||||||1|0|1|0|0|26|13230283||0|0|31322571|3|3102|31003|31|3162450|316245005|2|2|||||||||1|2|1
2018|31C889A41D1A4D19DC266AAB0FAA6B1C|303902521|20|10|1992|25|26|260|0|0|0|0|5|2|5|1|76|31|3135209|31|3135209|2|3|1|2|0|0|1|0|0|0|0|0|0|0|0|0|||||||||||||||||||||||||1|0|1|0|0|26|13230285||0|0|31322571|3|3102|31003|31|3162450|316245005|2|2|||||||||1|2|1
2018|287C3303E58A00F79D101B30630ADC1D|303903706|5|5|1997|21|21|260|0|0|0|0|5|1|5|1|76|31|3162450|31|3162450|2|3|0|||||||||||||0|||||||||||||||||||||||||1|0|1|0|0|26|13230326||0|0|31338753|3|3102|31003|31|3162450|316245005|2|2|||||||||1|2|1
2018|5E8AEB366D14E63123F10280C1A6D5E7|326794661|27|10|2001|16|17|260|0|0|0|0|5|2|5|1|76|31|3162450|31|3162450|2|3|1|2|0|1|0|0|0|0|0|0|0|0|0|0|||||||||||||||||||||||||1|0|1|0|0|26|13234798||0|0|31338745|3|3102|31003|31|3162450|316245005|2|2|||||||||1|2|1
2018|D53F6A4097153F9AF3635635C1AB08DC|303896328|20|8|1996|21|22|210|0|0|0|0|5|2|3|1|76|31|3135209|31|3139300|2|3|0|||||||||||||0|||||||||||||||||||||||||1|0|1|0|0|26|13229965||0|0|31361461|3|3102|31003|31|3162450|316245005|2|2|||||||||1|2|1
2018|DB9A882CA0DC41AFE8CA1E1E8329BF12|304030801|14|11|2001|16|17|260|0|0|0|0|5|2|5|1|76|31|3162450|31|3162450|2|3|1|2|0|1|0|0|0|0|0|0|0|0|0|0|||||||||||||||||||||||||1|0|1|0|0|26|13234798||0|0|31338745|3|3102|31003|31|3162450|316245005|2|2|||||||||1|2|1
2018|3DB7C29180E078CA8506786379718236|303903608|9|3|2001|17|17|260|0|0|0|0|5|1|5|1|76|31|3139300|31|3162450|2|3|0|||||||||||||0|||||||||||||||||||||||||1|0|1|0|0|26|13230326||0|0|31338753|3|3102|31003|31|3162450|316245005|2|2|||||||||1|2|1
2018|797582C9EF3640EDC961F1977AFC579D|303903322|27|2|1997|21|21|260|0|0|0|0|5|2|3|1|76|31|3162450|||1|3|0|||||||||||||0|||||||||||||||||||||||||1|0|1|0|0|26|13230245||0|0|31322571|3|3102|31003|31|3162450|316245005|2|2|||||||||1|2|1
2018|321C8E4A1A459EED8C610FA79356A91B|303882752|22|11|2001|16|17|260|0|0|0|0|5|1|5|1|76|31|3139300|31|3162450|2|3|0|||||||||||||0|||||||||||||||||||||||||1|0|1|0|0|26|13229505||0|0|31319058|3|3102|31003|31|3162450|316245005|2|2|||||||||1|2|1
2018|D4C23B22A92F0DD574C5D9F894FD7811|303896100|13|10|2000|17|18|210|0|0|0|0|5|1|5|1|76|31|3162450|31|3162450|2|3|0|||||||||||||0|||||||||||||||||||||||||1|0|1|0|0|26|13229965||0|0|31361461|3|3102|31003|31|3162450|316245005|2|2|||||||||1|2|1
2018|AF0D99B00CAB1AF9DD17B19BF58CCC64|304030799|27|7|2001|16|17|260|0|0|0|0|5|2|5|1|76|31|3162450|31|3162450|2|3|0|||||||||||||0|||||||||||||||||||||||||1|0|1|0|0|26|13234798||0|0|31338745|3|3102|31003|31|3162450|316245005|2|2|||||||||1|2|1
2018|0E3269CBEE13B8A94F5792A6BCF23A30|303882723|25|3|2001|17|17|260|0|0|0|0|5|2|5|1|76|31|3139300|31|3162450|2|3|0|||||||||||||0|||||||||||||||||||||||||1|0|1|0|0|26|13229505||0|0|31319058|3|3102|31003|31|3162450|316245005|2|2|||||||||1|2|1
2018|65684FC62B23608A1CCD59FCA0C92713|303882785|15|2|2002|16|16|260|0|0|0|0|5|1|5|1|76|31|3162450|31|3162450|2|3|0|||||||||||||0|||||||||||||||||||||||||1|0|1|0|0|26|13229505||0|0|31319058|3|3102|31003|31|3162450|316245005|2|2|||||||||1|2|1
2018|6C277E7EC96ED814F3CC9070A145D365|303896515|22|9|1993|24|25|210|0|0|0|0|5|2|5|1|76|31|3162450|31|3162450|2|3|0|||||||||||||0|||||||||||||||||||||||||1|0|1|0|0|26|13229984||0|0|31361461|3|3102|31003|31|3162450|316245005|2|2|||||||||1|2|1
2018|25AEEF48CCA2B63A21281A38FC508284|303896120|11|11|2001|16|17|210|0|0|0|0|5|2|5|1|76|31|3162450|31|3162450|2|3|0|||||||||||||0|||||||||||||||||||||||||1|0|1|0|0|26|13229965||0|0|31361461|3|3102|31003|31|3162450|316245005|2|2|||||||||1|2|1
2018|3432E0BF8C0F8D6A3CBDBF2D038BCAFE|304030774|6|7|2001|16|17|260|0|0|0|0|5|2|5|1|76|31|3162450|31|3162450|2|3|1|2|0|1|0|0|0|0|0|0|0|0|0|0|||||||||||||||||||||||||1|0|1|0|0|26|13234798||0|0|31338745|3|3102|31003|31|3162450|316245005|2|2|||||||||1|2|1
2018|AC86956DA3AF52ED40F876FF40E8994F|298372227|13|11|1989|28|29|260|0|0|0|0|5|2|5|1|76|31|3132107|31|3162450|2|3|1|2|0|0|1|0|0|0|0|0|0|0|0|0|||||||||||||||||||||||||1|0|1|0|0|26|12983406||0|0|31356786|3|3102|31003|31|3162450|316245005|2|2|||||||||1|2|1
2018|16A19FD08510D7D08C6BFAC1F3B9E292|303902342|7|8|2001|16|17|260|0|0|0|0|5|1|5|1|76|31|3162450|31|3162450|2|3|1|2|0|0|1|0|0|0|0|0|0|1|0|0|||||||||||||||||||||||||1|0|1|0|0|26|13230244||0|0|31322571|3|3102|31003|31|3162450|316245005|2|2|||||||||1|2|1
2018|3100B43EC920A094E5F8AF11F157A294|303896137|31|1|1995|23|23|210|0|0|0|0|5|1|5|1|76|31|3162450|31|3162450|2|3|0|||||||||||||0|||||||||||||||||||||||||1|0|1|0|0|26|13229984||0|0|31361461|3|3102|31003|31|3162450|316245005|2|2|||||||||1|2|1
2018|4C415B76C6D5C71CE09C0297A0525203|304024907|24|1|2001|17|17|260|0|0|0|0|5|1|5|1|76|31|3139300|31|3162450|2|3|1|2|0|1|0|0|0|0|0|0|1|0|0|0|||||||||||||||||||||||||1|0|1|0|0|26|13232802||0|0|31297518|3|3102|31003|31|3162450|316245005|2|2|||||||||1|2|1
2018|AC19EF4A74C97861DF8F6C885934BABA|304025560|25|9|2001|16|17|260|0|0|0|0|5|2|5|1|76|31|3139300|31|3162450|2|3|1|2|0|1|0|0|0|0|0|0|1|0|0|0|||||||||||||||||||||||||1|0|1|0|0|26|13232801||0|0|31297518|3|3102|31003|31|3162450|316245005|2|2|||||||||1|2|1
2018|43A0D0B97291E24F5923457CB0795C2C|304025566|8|8|2000|17|18|260|0|0|0|0|5|1|5|1|76|31|3132107|31|3162450|2|3|0|||||||||||||0|||||||||||||||||||||||||1|0|1|0|0|26|13232802||0|0|31297518|3|3102|31003|31|3162450|316245005|2|2|||||||||1|2|1
2018|E6870F844B9955B75CDB59E4BC4063E4|306469817|8|1|2000|18|18|260|0|0|0|0|5|2|5|1|76|31|3162450|31|3162450|2|3|1|2|0|1|0|0|0|0|0|0|1|0|0|0|||||||||||||||||||||||||1|0|1|0|0|26|13349175||0|0|31269875|3|3102|31003|31|3162450|316245005|2|2|||||||||1|2|1
2018|46C6549ABEE6DDE77FFA9A9EEA372534|303896142|17|10|1999|18|19|210|0|0|0|0|5|1|5|1|76|31|3162450|31|3162450|2|3|0|||||||||||||0|||||||||||||||||||||||||1|0|1|0|0|26|13229965||0|0|31361461|3|3102|31003|31|3162450|316245005|2|2|||||||||1|2|1
2018|561B0F796928E23B1F4169FB4E27DC56|303896180|25|5|2002|16|16|210|0|0|0|0|5|2|5|1|76|31|3139300|31|3162450|2|3|0|||||||||||||0|||||||||||||||||||||||||1|0|1|0|0|26|13229965||0|0|31361461|3|3102|31003|31|3162450|316245005|2|2|||||||||1|2|1
2018|0AAC0011D3DE2382EF605AC71E279BFE|303882913|5|6|1999|18|19|260|0|0|0|0|5|1|4|1|76|31|3139300|31|3162450|2|3|1|2|0|0|1|0|0|0|0|0|0|0|0|0|||||||||||||||||||||||||1|0|1|0|0|26|13229504||0|0|31319058|3|3102|31003|31|3162450|316245005|2|2|||||||||1|2|1
2018|73033D929A253D89196539566613A164|304025570|7|3|2001|17|17|260|0|0|0|0|5|1|5|1|76|31|3139300|31|3162450|2|3|0|||||||||||||0|||||||||||||||||||||||||1|0|1|0|0|26|13232801||0|0|31297518|3|3102|31003|31|3162450|316245005|2|2|||||||||1|2|1
2018|7B90F3FD0BB7357694069149C5B4FB5C|303882791|4|11|2001|16|17|260|0|0|0|0|5|2|5|1|76|31|3170404|31|3162450|2|3|1|2|1|0|0|0|0|0|0|0|0|0|0|0|||||||||||||||||||||||||1|0|1|0|0|26|13229504||0|0|31319058|3|3102|31003|31|3162450|316245005|2|2|||||||||1|2|1
2018|170D0494B800077A1FC2AAF3CCE9C037|326799157|11|11|2000|17|18|260|0|0|0|0|5|1|5|1|76|31|3162450|31|3162450|2|3|0|||||||||||||0|||||||||||||||||||||||||1|0|1|0|0|26|13234798||0|0|31338745|3|3102|31003|31|3162450|316245005|2|2|||||||||1|2|1
2018|E14DD2BB8E3F4D994C3F92E311031EDA|303882794|7|8|2001|16|17|260|0|0|0|0|5|2|5|1|76|31|3139300|31|3112802|1|3|0|||||||||||||0|||||||||||||||||||||||||1|0|1|0|0|26|13229504||0|0|31319058|3|3102|31003|31|3162450|316245005|2|2|||||||||1|2|1
2018|E3AA6EFE14B0FF14E1CC8AB9E6BC18AF|304030767|8|11|2002|15|16|260|0|0|0|0|5|2|5|1|76|31|3139300|31|3162450|2|3|1|2|0|1|0|0|0|0|0|0|0|0|0|0|||||||||||||||||||||||||1|0|1|0|0|26|13234798||0|0|31338745|3|3102|31003|31|3162450|316245005|2|2|||||||||1|2|1
2018|274D6D3A76D7733C2FCBFE24C7C7C6FC|303896516|5|2|2000|18|18|210|0|0|0|0|5|2|5|1|76|31|3162450|31|3162450|2|3|0|||||||||||||0|||||||||||||||||||||||||1|0|1|0|0|26|13229984||0|0|31361461|3|3102|31003|31|3162450|316245005|2|2|||||||||1|2|1
2018|C3DEA4663F66F64C658F6FF11DEC0778|303902399|6|9|1996|21|22|260|0|0|0|0|5|2|0|1|76|31|3106200|31|3162450|2|3|1|2|0|0|1|0|0|0|0|0|0|0|0|0|||||||||||||||||||||||||1|0|1|0|0|26|13230244||0|0|31322571|3|3102|31003|31|3162450|316245005|2|2|||||||||1|2|1
2018|8D8655A2C01C34B63511666E2E7A5472|303902431|22|10|2001|16|17|260|0|0|0|0|5|2|5|1|76|31|3162450|31|3162450|2|3|0|||||||||||||0|||||||||||||||||||||||||1|0|1|0|0|26|13230245||0|0|31322571|3|3102|31003|31|3162450|316245005|2|2|||||||||1|2|1
2018|F843226577510A2743E3BAB4465D8595|304025610|17|1|2002|16|16|260|0|0|0|0|5|2|5|1|76|31|3162450|31|3162450|2|3|1|2|0|1|0|0|0|0|0|0|1|0|0|0|||||||||||||||||||||||||1|0|1|0|0|26|13232801||0|0|31297518|3|3102|31003|31|3162450|316245005|2|2|||||||||1|2|1
2018|AFA45D5D48787C5EE9A7982DF52F2189|298372361|22|11|2001|16|17|260|0|0|0|0|5|2|5|1|76|31|3162450|31|3162450|2|3|1|2|0|0|1|0|0|0|0|0|0|0|0|0|||||||||||||||||||||||||1|0|1|0|0|26|12983406||0|0|31356786|3|3102|31003|31|3162450|316245005|2|2|||||||||1|2|1
2018|C0F4544E975AC09C5B3B7B954CC31A14|303902700|23|1|1996|22|22|260|0|0|0|0|5|1|5|1|76|31|3135209|31|3162450|2|3|1|2|0|0|1|0|0|0|0|0|0|1|0|0|||||||||||||||||||||||||1|0|1|0|0|26|13230283||0|0|31322571|3|3102|31003|31|3162450|316245005|2|2|||||||||1|2|1
2018|1B094DEDDAB50C0E770A945A7766F85E|298372251|22|11|1999|18|19|260|0|0|0|0|5|2|5|1|76|31|3162450|31|3162450|2|3|1|2|0|0|1|0|0|0|0|0|0|0|0|0|||||||||||||||||||||||||1|0|1|0|0|26|12983406||0|0|31356786|3|3102|31003|31|3162450|316245005|2|2|||||||||1|2|1
2018|E67E10E2BD7F1B0C66AE92F15EF4253E|296367444|4|3|2001|17|17|260|0|0|0|0|5|2|5|1|76|31|3139300|31|3162450|2|3|0|||||||||||||0|||||||||||||||||||||||||1|0|1|0|0|26|12908020||0|0|31338770|3|3102|31003|31|3162450|316245005|2|2|||||||||1|2|1
2018|08B621854ED6B14D87B6A50609048616|298372259|22|11|1998|19|20|260|0|0|0|0|5|2|5|1|76|31|3162450|31|3162450|2|3|1|2|0|0|1|0|0|0|0|0|0|0|0|0|||||||||||||||||||||||||1|0|1|0|0|26|12983406||0|0|31356786|3|3102|31003|31|3162450|316245005|2|2|||||||||1|2|1
2018|1BD53B3F1CE4AEE57215587375744787|304025577|18|1|2001|17|17|260|0|0|0|0|5|2|5|1|76|31|3139300|31|3162450|2|3|1|2|0|1|0|0|0|0|0|0|0|0|0|0|||||||||||||||||||||||||1|0|1|0|0|26|13232802||0|0|31297518|3|3102|31003|31|3162450|316245005|2|2|||||||||1|2|1
2018|BB977A183ADCAE711492359FBC70C797|303903313|31|10|2000|17|18|260|0|0|0|0|5|1|5|1|76|31|3132107|31|3132107|2|3|1|2|0|0|1|0|0|0|0|0|0|0|0|0|||||||||||||||||||||||||1|0|1|0|0|26|13230285||0|0|31322571|3|3102|31003|31|3162450|316245005|2|2|||||||||1|2|1
2018|0B6F605C9301A0D98259D15CF9B0E108|303902432|18|5|2002|16|16|260|0|0|0|0|5|1|5|1|76|31|3162450|31|3162450|2|3|0|||||||||||||0|||||||||||||||||||||||||1|0|1|0|0|26|13230244||0|0|31322571|3|3102|31003|31|3162450|316245005|2|2|||||||||1|2|1
2018|5F1877BFAB8368CD12DF9CE2A8D3D333|296367647|26|1|1979|39|39|260|0|0|0|0|5|2|5|1|76|31|3132107|31|3162450|2|3|0|||||||||||||0|||||||||||||||||||||||||1|0|1|0|0|26|12908020||0|0|31338770|3|3102|31003|31|3162450|316245005|2|2|||||||||1|2|1
2018|9D66F7C0311A8058BF98CB517122068A|303882787|14|3|2002|16|16|260|0|0|0|0|5|2|5|1|76|31|3139300|31|3162450|2|3|0|||||||||||||0|||||||||||||||||||||||||1|0|1|0|0|26|13229504||0|0|31319058|3|3102|31003|31|3162450|316245005|2|2|||||||||1|2|1
2018|46C4CC07E5107DB9EA96E1E4C1D4522B|303882788|30|8|2001|16|17|260|0|0|0|0|5|2|5|1|76|53|5300108|31|3162450|2|3|0|||||||||||||0|||||||||||||||||||||||||1|0|1|0|0|26|13229505||0|0|31319058|3|3102|31003|31|3162450|316245005|2|2|||||||||1|2|1
2018|3C04577133167D897F6580A712BE24E1|303902466|30|9|1996|21|22|260|0|0|0|0|5|2|5|1|76|31|3162450|31|3162450|2|3|1|2|0|0|1|0|0|0|0|0|0|0|0|0|||||||||||||||||||||||||1|0|1|0|0|26|13230283||0|0|31322571|3|3102|31003|31|3162450|316245005|2|2|||||||||1|2|1
2018|E0829F60F41CD30F37552CA548E3D74B|303903612|16|1|2002|16|16|260|0|0|0|0|5|2|5|1|76|31|3162450|31|3162450|2|3|0|||||||||||||0|||||||||||||||||||||||||1|0|1|0|0|26|13230326||0|0|31338753|3|3102|31003|31|3162450|316245005|2|2|||||||||1|2|1
2018|CB5F36BA1B40DE7697A55682AC9B9F7B|303882755|30|6|2001|16|17|260|0|0|0|0|5|1|5|1|76|31|3139300|31|3162450|2|3|0|||||||||||||0|||||||||||||||||||||||||1|0|1|0|0|26|13229504||0|0|31319058|3|3102|31003|31|3162450|316245005|2|2|||||||||1|2|1
2018|DDB722B5EE028A3614338D39DBA707CA|296367439|17|7|2001|16|17|260|0|0|0|0|5|2|5|1|76|31|3139300|31|3162450|2|3|0|||||||||||||0|||||||||||||||||||||||||1|0|1|0|0|26|12908020||0|0|31338770|3|3102|31003|31|3162450|316245005|2|2|||||||||1|2|1
2018|FDD77EDA0F238B18C95BEEBC0A2C213F|306469825|21|6|2000|17|18|260|0|0|0|0|5|2|5|1|76|31|3162450|31|3162450|2|3|1|2|0|1|0|0|0|0|0|0|1|0|0|0|||||||||||||||||||||||||1|0|1|0|0|26|13349175||0|0|31269875|3|3102|31003|31|3162450|316245005|2|2|||||||||1|2|1
2018|D1480AB29DF74AFC32FD5F7A82E885A6|306470188|23|12|2000|17|18|260|0|0|0|0|5|2|5|1|76|31|3162450|31|3162450|2|3|0|||||||||||||0|||||||||||||||||||||||||1|0|1|0|0|26|13349174||0|0|31269875|3|3102|31003|31|3162450|316245005|2|2|||||||||1|2|1
2018|9EAF7A1BA02757025361C2ACE76D4342|303904019|29|6|1991|26|27|260|0|0|0|0|5|2|1|1|76|31|3162450|31|3162450|1|3|0|||||||||||||0|||||||||||||||||||||||||1|0|1|0|0|26|13230326||0|0|31338753|3|3102|31003|31|3162450|316245005|2|2|||||||||1|2|1
2018|429D8A861A60B2201453F25A3EF959EB|303882779|13|3|1996|22|22|260|0|0|0|0|5|1|5|1|76|31|3162450|31|3162450|2|3|0|||||||||||||0|||||||||||||||||||||||||1|0|1|0|0|26|13229505||0|0|31319058|3|3102|31003|31|3162450|316245005|2|2|||||||||1|2|1
2018|68DA8DD6E77EE45B3C371B6F4C77FCC1|306469828|13|7|2001|16|17|260|0|0|0|0|5|2|5|1|76|31|3162450|31|3162450|2|3|1|2|0|1|0|0|0|0|0|0|1|0|0|0|||||||||||||||||||||||||1|0|1|0|0|26|13349174||0|0|31269875|3|3102|31003|31|3162450|316245005|2|2|||||||||1|2|1
2018|150CA96A54B6957F632D019A049E2E8E|306471636|10|7|1997|20|21|260|0|0|0|0|5|2|5|1|76|31|3132107|31|3162450|2|3|1|2|0|1|0|0|0|0|0|0|1|0|0|0|||||||||||||||||||||||||1|0|1|0|0|26|13349175||0|0|31269875|3|3102|31003|31|3162450|316245005|2|2|||||||||1|2|1
2018|27FA9305361FE9B8EE96632188B32F39|303882927|21|4|2002|16|16|260|0|0|0|0|5|1|5|1|76|31|3139300|31|3162450|2|3|0|||||||||||||0|||||||||||||||||||||||||1|0|1|0|0|26|13229504||0|0|31319058|3|3102|31003|31|3162450|316245005|2|2|||||||||1|2|1
2018|CA90136D1B8DC169E304330F0BE2D8CA|306469892|28|12|1999|18|19|260|0|0|0|0|5|2|5|1|76|31|3162450|31|3162450|2|3|1|2|0|1|0|0|0|0|0|0|1|0|0|0|||||||||||||||||||||||||1|0|1|0|0|26|13349175||0|0|31269875|3|3102|31003|31|3162450|316245005|2|2|||||||||1|2|1
2018|57B2497C20C12B570D371A6FD4576F97|306470132|21|6|1983|34|35|260|0|0|0|0|5|2|5|1|76|31|3132107|31|3162450|2|3|1|2|0|1|0|0|0|0|0|0|1|0|0|0|||||||||||||||||||||||||1|0|1|0|0|26|13349174||0|0|31269875|3|3102|31003|31|3162450|316245005|2|2|||||||||1|2|1
2018|7FFFEAB6E8218B2E1B44630E0CFA629A|303896099|18|4|2001|17|17|210|0|0|0|0|5|1|5|1|76|31|3162450|31|3162450|2|3|0|||||||||||||0|||||||||||||||||||||||||1|0|1|0|0|26|13229965||0|0|31361461|3|3102|31003|31|3162450|316245005|2|2|||||||||1|2|1
2018|B3F1BD229419BD6EB6F13979858F272C|303902443|10|8|2001|16|17|260|0|0|0|0|5|2|5|1|76|31|3162450|31|3162450|2|3|0|||||||||||||0|||||||||||||||||||||||||1|0|1|0|0|26|13230244||0|0|31322571|3|3102|31003|31|3162450|316245005|2|2|||||||||1|2|1
2018|6036C0EB84359F35D5C57AB904D7607D|303882899|20|4|2000|18|18|260|0|0|0|0|5|1|5|1|76|31|3162450|31|3162450|1|3|1|2|0|0|1|0|0|0|0|0|0|0|0|0|||||||||||||||||||||||||1|0|1|0|0|26|13229504||0|0|31319058|3|3102|31003|31|3162450|316245005|2|2|||||||||1|2|1
2018|DEA17BF4BE023B7A45C73520C6B6CF9B|303902381|20|5|2002|16|16|260|0|0|0|0|5|2|5|1|76|31|3139300|31|3162450|2|3|1|2|0|0|1|0|0|0|0|0|0|0|0|0|||||||||||||||||||||||||1|0|1|0|0|26|13230245||0|0|31322571|3|3102|31003|31|3162450|316245005|2|2|||||||||1|2|1
2018|3026F39BF522D73E7AF4DA80C5987812|306471399|11|12|2000|17|18|260|0|0|0|0|5|1|5|1|76|31|3162450|31|3162450|2|3|0|||||||||||||0|||||||||||||||||||||||||1|0|1|0|0|26|13349174||0|0|31269875|3|3102|31003|31|3162450|316245005|2|2|||||||||1|2|1
2018|6992F761EBCC922DA122DA78FCA14A5C|303882753|28|10|2001|16|17|260|0|0|0|0|5|1|5|1|76|31|3162450|31|3162450|2|3|0|||||||||||||0|||||||||||||||||||||||||1|0|1|0|0|26|13229504||0|0|31319058|3|3102|31003|31|3162450|316245005|2|2|||||||||1|2|1
2018|EB0D2EB713FFE4A682C57E87F318DCC9|303903745|1|11|1999|18|19|260|0|0|0|0|5|1|5|1|76|31|3162450|31|3162450|2|3|1|2|0|1|0|0|0|0|0|0|0|1|0|0|||||||||||||||||||||||||1|0|1|0|0|26|13230326||0|0|31338753|3|3102|31003|31|3162450|316245005|2|2|||||||||1|2|1
2018|38A44417A3D2FCE5A45CDA8C267BDFCA|304025564|6|10|2000|17|18|260|0|0|0|0|5|1|5|1|76|31|3139300|31|3162450|2|3|1|2|0|1|0|0|0|0|0|0|1|0|0|0|||||||||||||||||||||||||1|0|1|0|0|26|13232801||0|0|31297518|3|3102|31003|31|3162450|316245005|2|2|||||||||1|2|1
2018|BDCE8A2FA031FCCE41368A810F1FD3F9|303903909|12|5|1999|19|19|260|0|0|0|0|5|1|5|1|76|31|3162450|31|3162450|2|3|1|2|0|0|1|0|0|0|0|0|1|0|0|0|||||||||||||||||||||||||1|0|1|0|0|26|13230326||0|0|31338753|3|3102|31003|31|3162450|316245005|2|2|||||||||1|2|1
2018|3382AEDEDCEFA88B88967C1EEE6C731B|298372244|20|2|2000|18|18|260|0|0|0|0|5|2|5|1|76|31|3162450|31|3162450|2|3|1|2|0|0|1|0|0|0|0|0|0|0|0|0|||||||||||||||||||||||||1|0|1|0|0|26|12983406||0|0|31356786|3|3102|31003|31|3162450|316245005|2|2|||||||||1|2|1
2018|1F3F28ACD95860B6B16422FC5A58D6AD|303882743|28|2|2002|16|16|260|0|0|0|0|5|2|5|1|76|31|3162450|31|3170750|1|3|0|||||||||||||0|||||||||||||||||||||||||1|0|1|0|0|26|13229505||0|0|31319058|3|3102|31003|31|3162450|316245005|2|2|||||||||1|2|1
2018|EF8F0A4CE8DC038C96534FD4C61B90DA|296367550|21|5|2001|17|17|260|0|0|0|0|5|2|5|1|76|31|3139300|31|3162450|2|3|1|2|0|1|0|0|0|0|0|0|0|0|0|0|||||||||||||||||||||||||1|0|1|0|0|26|12908020||0|0|31338770|3|3102|31003|31|3162450|316245005|2|2|||||||||1|2|1
2018|907538E990D6BC24428BB6F7C0C93E30|298372355|5|8|2001|16|17|260|0|0|0|0|5|2|5|1|76|31|3162450|31|3162450|2|3|1|2|0|0|1|0|0|0|0|0|0|0|0|0|||||||||||||||||||||||||1|0|1|0|0|26|12983406||0|0|31356786|3|3102|31003|31|3162450|316245005|2|2|||||||||1|2|1
2018|36A52798F9E7D4819773F1257D47DB9E|303902530|27|3|2000|18|18|260|0|0|0|0|5|1|5|1|76|31|3162450|31|3162450|2|3|1|2|0|0|1|0|0|0|0|0|0|0|0|0|||||||||||||||||||||||||1|0|1|0|0|26|13230245||0|0|31322571|3|3102|31003|31|3162450|316245005|2|2|||||||||1|2|1
2018|DFBAFF4AD57B0F8021762F5958CDB8BE|306471800|28|1|1990|28|28|260|0|0|0|0|5|1|5|1|76|31|3132107|31|3162450|2|3|1|2|0|1|0|0|0|0|0|0|0|0|0|0|||||||||||||||||||||||||1|0|1|0|0|26|13349174||0|0|31269875|3|3102|31003|31|3162450|316245005|2|2|||||||||1|2|1
2018|E9E72667C3FA16C8C091BE2654D2A1B4|298372240|19|8|1998|19|20|260|0|0|0|0|5|1|5|1|76|31|3162450|31|3162450|2|3|1|2|0|0|1|0|0|0|0|0|0|0|0|0|||||||||||||||||||||||||1|0|1|0|0|26|12983406||0|0|31356786|3|3102|31003|31|3162450|316245005|2|2|||||||||1|2|1
2018|2F7802876CAF4667E0E9B566436895DB|298372248|10|3|2001|17|17|260|0|0|0|0|5|1|5|1|76|31|3162450|31|3162450|2|3|1|2|0|0|1|0|0|0|0|0|0|0|0|0|||||||||||||||||||||||||1|0|1|0|0|26|12983406||0|0|31356786|3|3102|31003|31|3162450|316245005|2|2|||||||||1|2|1
2018|6AB8FBD9A0054D1EB436123A60DAFE8D|306469887|15|8|2000|17|18|260|0|0|0|0|5|2|5|1|76|31|3162450|31|3162450|2|3|1|2|0|1|0|0|0|0|0|0|1|0|0|0|||||||||||||||||||||||||1|0|1|0|0|26|13349175||0|0|31269875|3|3102|31003|31|3162450|316245005|2|2|||||||||1|2|1
2018|6DDB9B7CCAA4EE3D966BE291A52211FD|303896144|24|10|1999|18|19|210|0|0|0|0|5|2|5|1|76|31|3162450|31|3162450|2|3|0|||||||||||||0|||||||||||||||||||||||||1|0|1|0|0|26|13229965||0|0|31361461|3|3102|31003|31|3162450|316245005|2|2|||||||||1|2|1
2018|CCCD657382FA4174FE8E3D120DA84B9F|304030913|11|1|1998|20|20|260|0|0|0|0|5|2|5|1|76|31|3162450|31|3162450|2|3|1|2|0|1|0|0|0|0|0|0|0|0|0|0|||||||||||||||||||||||||1|0|1|0|0|26|13234798||0|0|31338745|3|3102|31003|31|3162450|316245005|2|2|||||||||1|2|1
2018|56C6C9C960BE2A4207B4F17DF0CAC749|306471400|9|1|2002|16|16|260|0|0|0|0|5|2|5|1|76|31|3162450|31|3162450|2|3|1|2|0|1|0|0|0|0|0|0|1|0|0|0|||||||||||||||||||||||||1|0|1|0|0|26|13349174||0|0|31269875|3|3102|31003|31|3162450|316245005|2|2|||||||||1|2|1
2018|518E4FFC5E7057A15CE7FC4FD03BE992|304030890|23|4|1992|26|26|260|0|0|0|0|5|2|5|1|76|31|3139300|31|3162450|2|3|0|||||||||||||0|||||||||||||||||||||||||1|0|1|0|0|26|13234798||0|0|31338745|3|3102|31003|31|3162450|316245005|2|2|||||||||1|2|1
2018|B48B9673F81E3C89692EB0CE81288C7A|303902439|23|12|2000|17|18|260|0|0|0|0|5|2|5|1|76|31|3162450|31|3162450|2|3|1|2|0|0|1|0|0|0|0|0|0|0|0|0|||||||||||||||||||||||||1|0|1|0|0|26|13230244||0|0|31322571|3|3102|31003|31|3162450|316245005|2|2|||||||||1|2|1
2018|89A6155D146FAEDB33E71D609B356BDA|296367433|10|4|2001|17|17|260|0|0|0|0|5|2|5|1|76|31|3162450|31|3162450|2|3|0|||||||||||||0|||||||||||||||||||||||||1|0|1|0|0|26|12908020||0|0|31338770|3|3102|31003|31|3162450|316245005|2|2|||||||||1|2|1
2018|962906BFC39CF0E71A371A07B4BF62A3|303882770|4|11|2001|16|17|260|0|0|0|0|5|2|5|1|76|31|3139300|31|3162450|2|3|0|||||||||||||0|||||||||||||||||||||||||1|0|1|0|0|26|13229504||0|0|31319058|3|3102|31003|31|3162450|316245005|2|2|||||||||1|2|1
2018|FFFA6BA216229AD79EFF9E4A0EA0D8F2|303882773|1|1|1999|19|19|260|0|0|0|0|5|2|5|1|76|31|3162450|31|3162450|2|3|0|||||||||||||0|||||||||||||||||||||||||1|0|1|0|0|26|13229505||0|0|31319058|3|3102|31003|31|3162450|316245005|2|2|||||||||1|2|1
2018|FCC6D0F059F89A534EC2294273174D42|303896410|13|9|1984|33|34|210|0|0|0|0|5|2|5|1|76|31|3162450|31|3162450|2|3|0|||||||||||||0|||||||||||||||||||||||||1|0|1|0|0|26|13229965||0|0|31361461|3|3102|31003|31|3162450|316245005|2|2|||||||||1|2|1
2018|E261B947D7CB32549AC3BB618877712B|306471422|1|2|1999|19|19|260|0|0|0|0|5|2|5|1|76|31|3162450|31|3162450|2|3|1|2|0|1|0|0|0|0|0|0|1|0|0|0|||||||||||||||||||||||||1|0|1|0|0|26|13349175||0|0|31269875|3|3102|31003|31|3162450|316245005|2|2|||||||||1|2|1
2018|B620E6D2F27C2ED715C1F2AA210FAB20|306471540|17|9|2001|16|17|260|0|0|0|0|5|2|5|1|76|31|3162450|31|3162450|2|3|0|||||||||||||0|||||||||||||||||||||||||1|0|1|0|0|26|13349174||0|0|31269875|3|3102|31003|31|3162450|316245005|2|2|||||||||1|2|1
2018|F2616BC67E51EB07258835DC240B4C09|306471541|2|8|1982|35|36|260|0|0|0|0|5|1|5|1|76|31|3162450|31|3162450|2|3|0|||||||||||||0|||||||||||||||||||||||||1|0|1|0|0|26|13349174||0|0|31269875|3|3102|31003|31|3162450|316245005|2|2|||||||||1|2|1
2018|1DDEC57ED57B9E67F29BC2139396D98C|304030760|31|1|2002|16|16|260|0|0|0|0|5|1|5|1|76|31|3162450|31|3162450|2|3|1|2|0|1|0|0|0|0|0|0|0|0|0|0|||||||||||||||||||||||||1|0|1|0|0|26|13234798||0|0|31338745|3|3102|31003|31|3162450|316245005|2|2|||||||||1|2|1
2018|E705B9D436C7FAFC51505229B83F426B|304030784|31|8|2002|15|16|260|0|0|0|0|5|1|5|1|76|31|3139300|31|3162450|2|3|1|2|0|1|0|0|0|0|0|0|0|0|0|0|||||||||||||||||||||||||1|0|1|0|0|26|13234798||0|0|31338745|3|3102|31003|31|3162450|316245005|2|2|||||||||1|2|1
2018|723096BB8FB0B3072A5D34E500B961AB|303902434|25|6|2002|15|16|260|0|0|0|0|5|1|5|1|76|31|3162450|31|3162450|2|3|0|||||||||||||0|||||||||||||||||||||||||1|0|1|0|0|26|13230245||0|0|31322571|3|3102|31003|31|3162450|316245005|2|2|||||||||1|2|1
2018|DF3475E984CBF603217715861A1F069D|303902630|28|12|2000|17|18|260|0|0|0|0|5|2|5|1|76|31|3139300|31|3162450|2|3|0|||||||||||||0|||||||||||||||||||||||||1|0|1|0|0|26|13230283||0|0|31322571|3|3102|31003|31|3162450|316245005|2|2|||||||||1|2|1
2018|464F144127C8CAAADCC4C8F02C714C05|296367448|29|8|2001|16|17|260|0|0|0|0|5|1|5|1|76|31|3139300|31|3162450|2|3|0|||||||||||||0|||||||||||||||||||||||||1|0|1|0|0|26|12908020||0|0|31338770|3|3102|31003|31|3162450|316245005|2|2|||||||||1|2|1
2018|BBD5F12C69726C9B445FA033DCB82958|303896191|25|10|2001|16|17|210|0|0|0|0|5|2|5|1|76|31|3162450|31|3162450|1|3|0|||||||||||||0|||||||||||||||||||||||||1|0|1|0|0|26|13229965||0|0|31361461|3|3102|31003|31|3162450|316245005|2|2|||||||||1|2|1
2018|BF24F983B16FCB46962E164C719741E4|303902468|9|5|2001|17|17|260|0|0|0|0|5|1|5|1|76|31|3139300|31|3162450|2|3|1|2|0|0|1|0|0|0|0|0|0|0|0|0|||||||||||||||||||||||||1|0|1|0|0|26|13230245||0|0|31322571|3|3102|31003|31|3162450|316245005|2|2|||||||||1|2|1
2018|32A766AE7EA94509E17ACB2A3B9DF384|303896409|2|7|1988|29|30|210|0|0|0|0|5|2|5|1|76|31|3162450|31|3162450|2|3|0|||||||||||||0|||||||||||||||||||||||||1|0|1|0|0|26|13229984||0|0|31361461|3|3102|31003|31|3162450|316245005|2|2|||||||||1|2|1
2018|840F1C131E7F3273161E2DE01B0F9544|303896510|21|7|1980|37|38|210|0|0|0|0|5|2|5|1|76|31|3162450|31|3162450|2|3|0|||||||||||||0|||||||||||||||||||||||||1|0|1|0|0|26|13229984||0|0|31361461|3|3102|31003|31|3162450|316245005|2|2|||||||||1|2|1
2018|15A69432F76B2600D0738D84F94DD491|303902499|8|11|2001|16|17|260|0|0|0|0|5|2|5|1|76|31|3139300|31|3162450|2|3|1|2|0|0|1|0|0|0|0|0|0|0|0|0|||||||||||||||||||||||||1|0|1|0|0|26|13230285||0|0|31322571|3|3102|31003|31|3162450|316245005|2|2|||||||||1|2|1
2018|DB9AEDD63B3FBDBC5BD61894EAF27B94|306471784|2|12|1989|28|29|260|0|0|0|0|5|1|5|1|76|31|3162450|31|3162450|2|3|1|2|0|1|0|0|0|0|0|0|1|0|0|0|||||||||||||||||||||||||1|0|1|0|0|26|13349174||0|0|31269875|3|3102|31003|31|3162450|316245005|2|2|||||||||1|2|1
2018|D6905CFB93D625A8CCD8041475E192C3|303896119|8|4|2001|17|17|210|0|0|0|0|5|2|5|1|76|31|3162450|31|3162450|2|3|0|||||||||||||0|||||||||||||||||||||||||1|0|1|0|0|26|13229965||0|0|31361461|3|3102|31003|31|3162450|316245005|2|2|||||||||1|2|1
2018|C6EF7D8FB7F0D9A54275D4771972A282|303902625|24|2|1995|23|23|260|0|0|0|0|5|1|5|1|76|31|3162450|31|3162450|2|3|1|2|0|1|0|0|0|0|0|0|0|0|0|0|||||||||||||||||||||||||1|0|1|0|0|26|13230244||0|0|31322571|3|3102|31003|31|3162450|316245005|2|2|||||||||1|2|1
2018|91886F5A362520817D2A2A9DAB857929|306469844|21|10|2000|17|18|260|0|0|0|0|5|1|5|1|76|31|3162450|31|3162450|2|3|1|2|0|1|0|0|0|0|0|0|1|0|0|0|||||||||||||||||||||||||1|0|1|0|0|26|13349174||0|0|31269875|3|3102|31003|31|3162450|316245005|2|2|||||||||1|2|1
2018|DF926B64E258AE406BEEDD91482BB069|303902340|8|9|1996|21|22|260|0|0|0|0|5|2|5|1|76|31|3132107|31|3135209|2|3|1|2|0|0|1|0|0|0|0|0|0|0|0|0|||||||||||||||||||||||||1|0|1|0|0|26|13230285||0|0|31322571|3|3102|31003|31|3162450|316245005|2|2|||||||||1|2|1
2018|6058C8495BFD6BD56B74BB3820A536B4|303903734|19|11|2000|17|18|260|0|0|0|0|5|2|5|1|76|31|3139300|31|3162450|2|3|0|||||||||||||0|||||||||||||||||||||||||1|0|1|0|0|26|13230326||0|0|31338753|3|3102|31003|31|3162450|316245005|2|2|||||||||1|2|1
2018|33AE98A33EAC3B3DDFFE2883E5D1AA0F|303896170|28|9|1999|18|19|210|0|0|0|0|5|2|5|1|76|31|3139300|31|3162450|2|3|0|||||||||||||0|||||||||||||||||||||||||1|0|1|0|0|26|13229965||0|0|31361461|3|3102|31003|31|3162450|316245005|2|2|||||||||1|2|1
2018|935994E96B64F9006AE0ED1ECB20FD37|304025601|20|12|1999|18|19|260|0|0|0|0|5|2|5|1|76|31|3139300|31|3162450|2|3|1|2|0|1|0|0|0|0|0|0|1|0|0|0|||||||||||||||||||||||||1|0|1|0|0|26|13232802||0|0|31297518|3|3102|31003|31|3162450|316245005|2|2|||||||||1|2|1
2018|E0D2552CFE0ECB2C89C5D4D323C9FD89|296367446|26|8|2001|16|17|260|0|0|0|0|5|1|5|1|76|31|3139300|31|3162450|2|3|0|||||||||||||0|||||||||||||||||||||||||1|0|1|0|0|26|12908020||0|0|31338770|3|3102|31003|31|3162450|316245005|2|2|||||||||1|2|1
2018|D02CDB6EDF895EC3F023F334E5CDEFA0|303902356|18|6|2000|17|18|260|0|0|0|0|5|1|5|1|76|31|3132107|31|3162450|2|3|1|2|0|0|1|0|0|0|0|0|0|0|0|0|||||||||||||||||||||||||1|0|1|0|0|26|13230245||0|0|31322571|3|3102|31003|31|3162450|316245005|2|2|||||||||1|2|1
2018|81CB61C98DB37152278368EF73560C98|303882789|30|5|2001|17|17|260|0|0|0|0|5|1|5|1|76|31|3139300|31|3162450|2|3|0|||||||||||||0|||||||||||||||||||||||||1|0|1|0|0|26|13229504||0|0|31319058|3|3102|31003|31|3162450|316245005|2|2|||||||||1|2|1
2018|E1183A07EC041F3138245F338E21D7DA|304025609|6|4|2001|17|17|260|0|0|0|0|5|1|5|1|76|31|3139300|31|3162450|2|3|1|2|0|1|0|0|0|0|0|0|1|0|0|0|||||||||||||||||||||||||1|0|1|0|0|26|13232802||0|0|31297518|3|3102|31003|31|3162450|316245005|2|2|||||||||1|2|1
2018|9B60462F12C143025037952929506D27|306469895|25|3|2000|18|18|260|0|0|0|0|5|1|5|1|76|31|3162450|31|3162450|2|3|0|||||||||||||0|||||||||||||||||||||||||1|0|1|0|0|26|13349174||0|0|31269875|3|3102|31003|31|3162450|316245005|2|2|||||||||1|2|1
2018|11CB40CF44906247FED5EBD58093CC40|306471468|8|12|2000|17|18|260|0|0|0|0|5|2|5|1|76|31|3162450|31|3162450|2|3|1|2|0|1|0|0|0|0|0|0|1|0|0|0|||||||||||||||||||||||||1|0|1|0|0|26|13349175||0|0|31269875|3|3102|31003|31|3162450|316245005|2|2|||||||||1|2|1
2018|452AC757BEF79069FFF07D49DC818E3F|303902701|22|9|2001|16|17|260|0|0|0|0|5|2|5|1|76|31|3139300|31|3162450|2|3|0|||||||||||||0|||||||||||||||||||||||||1|0|1|0|0|26|13230283||0|0|31322571|3|3102|31003|31|3162450|316245005|2|2|||||||||1|2|1
2018|4D2EE59B9C0246EDF6E3D222BD23631E|303882750|10|9|2001|16|17|260|0|0|0|0|5|2|5|1|76|31|3162450|31|3162450|2|3|0|||||||||||||0|||||||||||||||||||||||||1|0|1|0|0|26|13229504||0|0|31319058|3|3102|31003|31|3162450|316245005|2|2|||||||||1|2|1
2018|D2F471421ECC2F9154A058AC1C29FC9F|303902533|8|11|1999|18|19|260|0|0|0|0|5|2|5|1|76|31|3162450|31|3162450|2|3|1|2|0|0|1|0|0|0|0|0|0|0|0|0|||||||||||||||||||||||||1|0|1|0|0|26|13230245||0|0|31322571|3|3102|31003|31|3162450|316245005|2|2|||||||||1|2|1
2018|FEACDA856F2314E9B36EFC2BC43E34B6|296367463|30|7|2000|17|18|260|0|0|0|0|5|2|5|1|76|31|3162450|31|3162450|2|3|0|||||||||||||0|||||||||||||||||||||||||1|0|1|0|0|26|12908020||0|0|31338770|3|3102|31003|31|3162450|316245005|2|2|||||||||1|2|1
2018|EA26A6EDC6CF7C817147CDC5532143EB|303902437|3|3|2002|16|16|260|0|0|0|0|5|2|5|1|76|31|3132107|31|3162450|2|3|0|||||||||||||0|||||||||||||||||||||||||1|0|1|0|0|26|13230244||0|0|31322571|3|3102|31003|31|3162450|316245005|2|2|||||||||1|2|1
2018|BF072A27CEFFCE0AD5F4288A7B303589|306469952|3|10|2002|15|16|260|0|0|0|0|5|2|5|1|76|31|3162450|31|3162450|2|3|0|||||||||||||0|||||||||||||||||||||||||1|0|1|0|0|26|13349175||0|0|31269875|3|3102|31003|31|3162450|316245005|2|2|||||||||1|2|1
2018|B0E92A7123FF8825F5D13D5A3CB1F84D|303902353|7|9|1999|18|19|260|0|0|0|0|5|2|5|1|76|31|3162450|31|3162450|2|3|1|2|0|0|1|0|0|0|0|0|0|1|0|0|||||||||||||||||||||||||1|0|1|0|0|26|13230245||0|0|31322571|3|3102|31003|31|3162450|316245005|2|2|||||||||1|2|1
2018|067AFA381F3D115B97974B29950F7486|303902360|26|2|1995|23|23|260|0|0|0|0|5|2|5|1|76|31|3162450|31|3162450|2|3|1|2|0|0|1|0|0|0|0|0|0|0|0|0|||||||||||||||||||||||||1|0|1|0|0|26|13230283||0|0|31322571|3|3102|31003|31|3162450|316245005|2|2|||||||||1|2|1
2018|590FBAEEF3B3C191263630F50028BB3C|303902386|30|6|2002|15|16|260|0|0|0|0|5|2|5|1|76|31|3162450|31|3162450|2|3|1|2|0|0|1|0|0|0|0|0|0|1|0|0|||||||||||||||||||||||||1|0|1|0|0|26|13230244||0|0|31322571|3|3102|31003|31|3162450|316245005|2|2|||||||||1|2|1
2018|EA850979481FEBC65F131139780A38FA|303902532|9|9|2000|17|18|260|0|0|0|0|5|2|5|1|76|31|3162450|31|3162450|2|3|1|2|0|0|1|0|0|0|0|0|0|0|0|0|||||||||||||||||||||||||1|0|1|0|0|26|13230244||0|0|31322571|3|3102|31003|31|3162450|316245005|2|2|||||||||1|2|1
2018|9D2AB4F30AFC08839879765E3A7F2AEC|296367429|12|9|1998|19|20|260|0|0|0|0|5|2|5|1|76|31|3139300|31|3162450|2|3|0|||||||||||||0|||||||||||||||||||||||||1|0|1|0|0|26|12908020||0|0|31338770|3|3102|31003|31|3162450|316245005|2|2|||||||||1|2|1
2018|553110184BB8DF2D9AC2E0B8038BF33B|296367440|14|4|2000|18|18|260|0|0|0|0|5|2|5|1|76|31|3132107|31|3162450|2|3|0|||||||||||||0|||||||||||||||||||||||||1|0|1|0|0|26|12908020||0|0|31338770|3|3102|31003|31|3162450|316245005|2|2|||||||||1|2|1
2018|C669C46399650D6444BDD491CA19C7F3|306469869|13|1|1995|23|23|260|0|0|0|0|5|2|5|1|76|31|3132107|31|3162450|2|3|1|2|0|1|0|0|0|0|0|0|1|0|0|0|||||||||||||||||||||||||1|0|1|0|0|26|13349175||0|0|31269875|3|3102|31003|31|3162450|316245005|2|2|||||||||1|2|1
2018|1ABDA753EECC5BBADDF2864B037ED410|303882925|11|5|2002|16|16|260|0|0|0|0|5|2|5|1|76|31|3139300|31|3162450|2|3|0|||||||||||||0|||||||||||||||||||||||||1|0|1|0|0|26|13229504||0|0|31319058|3|3102|31003|31|3162450|316245005|2|2|||||||||1|2|1
2018|F71AAC74D7CBEA0FBD6F492B27A1BCCE|303896169|21|9|1998|19|20|210|0|0|0|0|5|2|5|1|76|31|3139300|31|3162450|2|3|0|||||||||||||0|||||||||||||||||||||||||1|0|1|0|0|26|13229965||0|0|31361461|3|3102|31003|31|3162450|316245005|2|2|||||||||1|2|1
2018|585AD51C3F445EFF27BAF03D76F5FC71|303903652|2|6|1998|19|20|260|0|0|0|0|5|2|5|1|76|31|3162450|31|3162450|2|3|1|2|0|0|1|0|0|0|0|0|1|0|0|0|||||||||||||||||||||||||1|0|1|0|0|26|13230326||0|0|31338753|3|3102|31003|31|3162450|316245005|2|2|||||||||1|2|1
2018|DAB4FA1D711761C0BE445CEB54514EF3|303902492|15|9|2001|16|17|260|0|0|0|0|5|2|5|1|76|31|3162450|31|3162450|2|3|1|2|0|0|1|0|0|0|0|0|0|0|0|0|||||||||||||||||||||||||1|0|1|0|0|26|13230285||0|0|31322571|3|3102|31003|31|3162450|316245005|2|2|||||||||1|2|1
2018|009FD9DB869167338C1ACFAF37864611|298372232|17|12|1998|19|20|260|0|0|0|0|5|2|5|1|76|31|3162450|31|3162450|2|3|1|2|0|0|1|0|0|0|0|0|0|0|0|0|||||||||||||||||||||||||1|0|1|0|0|26|12983406||0|0|31356786|3|3102|31003|31|3162450|316245005|2|2|||||||||1|2|1
2018|91C568E5673E235505AAF57AD14BB82F|296367543|13|6|2002|15|16|260|0|0|0|0|5|1|5|1|76|31|3139300|31|3162450|2|3|1|2|0|1|0|0|0|0|0|0|0|0|0|0|||||||||||||||||||||||||1|0|1|0|0|26|12908020||0|0|31338770|3|3102|31003|31|3162450|316245005|2|2|||||||||1|2|1
2018|BF525D33AF98AC5D2BE6C09130E9C9F9|303903614|9|7|2000|17|18|260|0|0|0|0|5|2|5|1|76|31|3162450|31|3162450|2|3|0|||||||||||||0|||||||||||||||||||||||||1|0|1|0|0|26|13230326||0|0|31338753|3|3102|31003|31|3162450|316245005|2|2|||||||||1|2|1
2018|A9EDCE9F45F858E4FCC08932DA58CCF3|303896509|27|11|1981|36|37|210|0|0|0|0|5|2|5|1|76|31|3162450|31|3162450|2|3|0|||||||||||||0|||||||||||||||||||||||||1|0|1|0|0|26|13229984||0|0|31361461|3|3102|31003|31|3162450|316245005|2|2|||||||||1|2|1
2018|6BA4621C8BD3E55EB1CC0F934B30620E|303882724|21|4|2001|17|17|260|0|0|0|0|5|2|5|1|76|31|3109451|31|3162450|2|3|0|||||||||||||0|||||||||||||||||||||||||1|0|1|0|0|26|13229505||0|0|31319058|3|3102|31003|31|3162450|316245005|2|2|||||||||1|2|1
2018|08E7DBA2CB43523877F4A8ADE45C51A5|303903081|31|8|1999|18|19|260|0|0|0|0|5|2|3|1|76|31|3135209|31|3132107|2|3|1|2|0|0|1|0|0|0|0|0|0|0|0|0|||||||||||||||||||||||||1|0|1|0|0|26|13230285||0|0|31322571|3|3102|31003|31|3162450|316245005|2|2|||||||||1|2|1
2018|81BD1C70D667B64DDF2C8772BA5F85C8|306469948|5|4|2001|17|17|260|0|0|0|0|5|2|5|1|76|31|3162450|31|3162450|2|3|0|||||||||||||0|||||||||||||||||||||||||1|0|1|0|0|26|13349174||0|0|31269875|3|3102|31003|31|3162450|316245005|2|2|||||||||1|2|1
2018|9EC17CBD51986DEE890D489DD5E2EB01|303882793|5|12|2000|17|18|260|0|0|0|0|5|1|5|1|76|31|3139300|31|3162450|2|3|0|||||||||||||0|||||||||||||||||||||||||1|0|1|0|0|26|13229505||0|0|31319058|3|3102|31003|31|3162450|316245005|2|2|||||||||1|2|1
2018|D5087854CE03A581E38A1FE53201E8DB|303903655|15|12|1999|18|19|260|0|0|0|0|5|2|5|1|76|31|3162450|31|3162450|2|3|0|||||||||||||0|||||||||||||||||||||||||1|0|1|0|0|26|13230326||0|0|31338753|3|3102|31003|31|3162450|316245005|2|2|||||||||1|2|1
2018|1DE0D3487D231E2136CAC3E08D82AA23|303896262|15|3|2003|15|15|210|0|0|0|0|5|2|5|1|76|31|3162450|31|3162450|2|3|1|2|0|1|0|0|0|0|0|0|0|1|0|0|||||||||||||||||||||||||1|0|1|0|0|26|13229984||0|0|31361461|3|3102|31003|31|3162450|316245005|2|2|||||||||1|2|1
2018|2F972478101C8E3D7C2D72A56CF65D44|306470018|15|9|2002|15|16|260|0|0|0|0|5|2|5|1|76|31|3162450|31|3162450|2|3|1|2|0|1|0|0|0|0|0|0|1|0|0|0|||||||||||||||||||||||||1|0|1|0|0|26|13349174||0|0|31269875|3|3102|31003|31|3162450|316245005|2|2|||||||||1|2|1
2018|93DC05B69B4C00D8311B7E6ABB36E1F6|303902383|26|2|2002|16|16|260|0|0|0|0|5|2|5|1|76|31|3132107|31|3162450|2|3|1|2|0|0|1|0|0|0|0|0|0|0|0|0|||||||||||||||||||||||||1|0|1|0|0|26|13230245||0|0|31322571|3|3102|31003|31|3162450|316245005|2|2|||||||||1|2|1
2018|E3FDE5D99BDA3E79CE968DA503D093E7|306469824|5|7|2001|16|17|260|0|0|0|0|5|1|5|1|76|31|3162450|31|3162450|2|3|1|2|0|1|0|0|0|0|0|0|1|0|0|0|||||||||||||||||||||||||1|0|1|0|0|26|13349174||0|0|31269875|3|3102|31003|31|3162450|316245005|2|2|||||||||1|2|1
2018|65E48F391134A1036D7EFFC01F611169|304024900|12|10|1996|21|22|260|0|0|0|0|5|2|5|1|76|31|3162450|31|3162450|2|3|1|2|0|1|0|0|0|0|0|0|1|0|0|0|||||||||||||||||||||||||1|0|1|0|0|26|13232801||0|0|31297518|3|3102|31003|31|3162450|316245005|2|2|||||||||1|2|1
2018|C75213E9335C63EE6A41952FBFAC8FBC|303903659|3|5|1998|20|20|260|0|0|0|0|5|2|5|1|76|31|3162450|31|3162450|2|3|1|2|0|0|1|0|0|0|0|0|1|0|0|0|||||||||||||||||||||||||1|0|1|0|0|26|13230326||0|0|31338753|3|3102|31003|31|3162450|316245005|2|2|||||||||1|2|1
2018|F91CC2EF7C54F0B040A90E42C1EBA743|303902906|2|5|1996|22|22|260|0|0|0|0|5|1|0|1|76|31|3132107|31|3132107|2|3|1|2|0|0|1|0|0|0|0|0|0|0|0|0|||||||||||||||||||||||||1|0|1|0|0|26|13230285||0|0|31322571|3|3102|31003|31|3162450|316245005|2|2|||||||||1|2|1
2018|999A821BD6A30A470A0662EFE2EE4DB9|304030775|1|6|2001|16|17|260|0|0|0|0|5|1|5|1|76|31|3139300|31|3162450|2|3|1|2|0|1|0|0|0|0|0|0|0|0|0|0|||||||||||||||||||||||||1|0|1|0|0|26|13234798||0|0|31338745|3|3102|31003|31|3162450|316245005|2|2|||||||||1|2|1
2018|7D9017475BADAC1BFE7DC590B58BF256|306470075|25|1|1998|20|20|260|0|0|0|0|5|2|5|1|76|31|3162450|31|3162450|2|3|1|2|0|1|0|0|0|0|0|0|1|0|0|0|||||||||||||||||||||||||1|0|1|0|0|26|13349175||0|0|31269875|3|3102|31003|31|3162450|316245005|2|2|||||||||1|2|1
2018|129F034C8DBEEB2F9AC1559A57EBBD2D|327391973|1|1|2000|18|18|260|0|0|0|0|5|1|0|1|76|31|3132107|31|3135209|2|3|1|2|0|0|1|0|0|0|0|0|0|0|0|0|||||||||||||||||||||||||1|0|1|0|0|26|13230245||0|0|31322571|3|3102|31003|31|3162450|316245005|2|2|||||||||1|2|1
2018|8969F1BF41FBEFA685A690E85D078488|303903752|29|11|1998|19|20|260|0|0|260|0|5|2|5|1|76|31|3162450|31|3162450|2|3|1|2|0|0|1|0|0|0|0|0|0|1|0|1|0|0|0|0|0|0|0|0|0|0|0|1|0|0|0|0|0|0|0|0|0|0|0||1|0|1|0|0|26|13230326||0|0|31338753|3|3102|31003|31|3162450|316245005|2|2|||||||||1|2|1
2018|45FB112041920A503CB107FE0B224A86|306469845|9|12|1999|18|19|260|0|0|0|0|5|2|5|1|76|31|3162450|31|3162450|2|3|1|2|0|1|0|0|0|0|0|0|1|0|0|0|||||||||||||||||||||||||1|0|1|0|0|26|13349175||0|0|31269875|3|3102|31003|31|3162450|316245005|2|2|||||||||1|2|1
2018|0E75EA38690B43822130FBFB3FA51241|303896194|13|6|1997|20|21|210|0|0|0|0|5|2|5|1|76|31|3162450|31|3162450|2|3|0|||||||||||||0|||||||||||||||||||||||||1|0|1|0|0|26|13229984||0|0|31361461|3|3102|31003|31|3162450|316245005|2|2|||||||||1|2|1
2018|39FA2107A9312DFC6F4776788F20A01D|303902614|18|12|1999|18|19|260|0|0|0|0|5|1|5|1|76|31|3162450|31|3162450|2|3|1|2|0|0|1|0|0|0|0|0|0|0|0|0|||||||||||||||||||||||||1|0|1|0|0|26|13230244||0|0|31322571|3|3102|31003|31|3162450|316245005|2|2|||||||||1|2|1
2018|91CF4348E3D5973EB4F58C7AFA6F8AA9|303902493|26|1|2002|16|16|260|0|0|0|0|5|2|5|1|76|31|3162450|31|3162450|2|3|1|2|0|0|1|0|0|0|0|0|0|0|0|0|||||||||||||||||||||||||1|0|1|0|0|26|13230285||0|0|31322571|3|3102|31003|31|3162450|316245005|2|2|||||||||1|2|1
2018|2CEDD6F9F1EC8C9812BCAE3036B56219|298372238|5|12|1997|20|21|260|0|0|0|0|5|2|5|1|76|31|3162450|31|3162450|2|3|1|2|0|0|1|0|0|0|0|0|0|0|0|0|||||||||||||||||||||||||1|0|1|0|0|26|12983406||0|0|31356786|3|3102|31003|31|3162450|316245005|2|2|||||||||1|2|1
2018|6776CD63106A57054CF61F007B698FE9|298372910|7|10|2000|17|18|260|0|0|0|0|5|2|5|1|76|31|3162450|31|3162450|2|3|1|2|0|0|1|0|0|0|0|0|0|0|0|0|||||||||||||||||||||||||1|0|1|0|0|26|12983406||0|0|31356786|3|3102|31003|31|3162450|316245005|2|2|||||||||1|2|1
2018|98F7C88D1A9506780D95AE402BCB141C|306469862|5|4|1997|21|21|260|0|0|0|0|5|2|5|1|76|31|3162450|31|3162450|2|3|1|2|0|1|0|0|0|0|0|0|1|0|0|0|||||||||||||||||||||||||1|0|1|0|0|26|13349175||0|0|31269875|3|3102|31003|31|3162450|316245005|2|2|||||||||1|2|1
2018|0C6F53E573F4602AD93F87BB5B7032F2|298372306|7|10|2001|16|17|260|0|0|0|0|5|1|5|1|76|31|3162450|31|3162450|2|3|1|2|0|0|1|0|0|0|0|0|0|0|0|0|||||||||||||||||||||||||1|0|1|0|0|26|12983406||0|0|31356786|3|3102|31003|31|3162450|316245005|2|2|||||||||1|2|1
2018|CA8C2A35C99BA2E57EB216EA752A2B4D|304030766|10|2|2002|16|16|260|0|0|0|0|5|2|5|1|76|31|3139300|31|3162450|2|3|1|2|0|1|0|0|0|0|0|0|0|0|0|0|||||||||||||||||||||||||1|0|1|0|0|26|13234798||0|0|31338745|3|3102|31003|31|3162450|316245005|2|2|||||||||1|2|1
2018|BD612339663B81F1B859BD8928C5691D|306470017|3|9|2002|15|16|260|0|0|0|0|5|1|5|1|76|31|3162450|31|3162450|2|3|1|2|0|1|0|0|0|0|0|0|1|0|0|0|||||||||||||||||||||||||1|0|1|0|0|26|13349174||0|0|31269875|3|3102|31003|31|3162450|316245005|2|2|||||||||1|2|1
2018|DF73987ED9B288BAEED03033450B2777|298372713|9|11|2001|16|17|260|0|0|0|0|5|2|0|1|76|31|3139300|31|3162450|2|3|1|2|0|0|1|0|0|0|0|0|0|0|0|0|||||||||||||||||||||||||1|0|1|0|0|26|12983406||0|0|31356786|3|3102|31003|31|3162450|316245005|2|2|||||||||1|2|1
2018|888E62A50BA3A6832297F3228C483EA5|303896122|23|7|2001|16|17|210|0|0|0|0|5|2|5|1|76|31|3162450|31|3162450|2|3|0|||||||||||||0|||||||||||||||||||||||||1|0|1|0|0|26|13229984||0|0|31361461|3|3102|31003|31|3162450|316245005|2|2|||||||||1|2|1
2018|711A61A226BB7C7F3096427FB8A9C1B2|303903314|29|10|1999|18|19|260|0|0|0|0|5|2|3|1|76|35|3540200|31|3132107|2|3|1|2|0|0|1|0|0|0|0|0|0|0|0|0|||||||||||||||||||||||||1|0|1|0|0|26|13230245||0|0|31322571|3|3102|31003|31|3162450|316245005|2|2|||||||||1|2|1
2018|2E58B9A2DDF182DF0B5B8D36000BE88E|303882729|18|1|1986|32|32|260|0|0|0|0|5|1|5|1|76|31|3142700|31|3162450|1|3|1|2|1|0|0|0|0|0|0|0|0|0|0|1|0|0|0|0|0|0|1|0|0|0|0|0|0|0|0|0|0|0|0|0|0|0|0||1|0|1|0|0|26|13229505||0|0|31319058|3|3102|31003|31|3162450|316245005|2|2|||||||||1|2|1
2018|579E013CB3652496B7B26B2BCE1DC478|303903606|8|10|2000|17|18|260|0|0|0|0|5|2|5|1|76|31|3139300|31|3162450|2|3|0|||||||||||||0|||||||||||||||||||||||||1|0|1|0|0|26|13230326||0|0|31338753|3|3102|31003|31|3162450|316245005|2|2|||||||||1|2|1
2018|FC6241CD79E92F1A837F3F24FDC48768|306469901|21|12|1995|22|23|260|0|0|0|0|5|2|5|1|76|31|3162450|31|3162450|2|3|1|2|0|1|0|0|0|0|0|0|1|0|0|0|||||||||||||||||||||||||1|0|1|0|0|26|13349174||0|0|31269875|3|3102|31003|31|3162450|316245005|2|2|||||||||1|2|1
2018|2E707C75C8D263FB0A023BA23403C2BA|306470185|7|8|2001|16|17|260|0|0|0|0|5|1|5|1|76|31|3162450|31|3162450|2|3|0|||||||||||||0|||||||||||||||||||||||||1|0|1|0|0|26|13349174||0|0|31269875|3|3102|31003|31|3162450|316245005|2|2|||||||||1|2|1
2018|E13B963087C58BAE8D52797732D382D6|306469834|14|7|1995|22|23|260|0|0|0|0|5|2|5|1|76|31|3132107|31|3162450|2|3|1|2|0|1|0|0|0|0|0|0|1|0|0|0|||||||||||||||||||||||||1|0|1|0|0|26|13349175||0|0|31269875|3|3102|31003|31|3162450|316245005|2|2|||||||||1|2|1
2018|5925CAAC468BDE25C98B7B03802E7957|298372247|2|2|1996|22|22|260|0|0|0|0|5|2|5|1|76|31|3162450|31|3162450|2|3|1|2|0|0|1|0|0|0|0|0|0|0|0|0|||||||||||||||||||||||||1|0|1|0|0|26|12983406||0|0|31356786|3|3102|31003|31|3162450|316245005|2|2|||||||||1|2|1
2018|8100441F3BFF587E0E51E3CF1922D174|298372226|26|1|1999|19|19|260|0|0|0|0|5|2|5|1|76|31|3162450|31|3162450|2|3|1|2|0|0|1|0|0|0|0|0|0|0|0|0|||||||||||||||||||||||||1|0|1|0|0|26|12983406||0|0|31356786|3|3102|31003|31|3162450|316245005|2|2|||||||||1|2|1
2018|C30FE7B9A68BA3FB4593464894E8EF48|304025561|31|5|2001|17|17|260|0|0|0|0|5|1|5|1|76|31|3132107|31|3162450|2|3|1|2|0|1|0|0|0|0|0|0|1|0|0|0|||||||||||||||||||||||||1|0|1|0|0|26|13232802||0|0|31297518|3|3102|31003|31|3162450|316245005|2|2|||||||||1|2|1
2018|622B7245610EFDDA0AB6EB4C11F20934|304024909|10|2|2001|17|17|260|0|0|0|0|5|1|5|1|76|31|3139300|31|3162450|2|3|1|2|0|1|0|0|0|0|0|0|1|0|0|0|||||||||||||||||||||||||1|0|1|0|0|26|13232801||0|0|31297518|3|3102|31003|31|3162450|316245005|2|2|||||||||1|2|1
2018|8131EA714C89ABF3C5121961555C67F7|306471785|22|10|1985|32|33|260|0|0|0|0|5|2|5|1|76|31|3132107|31|3162450|2|3|1|2|0|1|0|0|0|0|0|0|1|0|0|0|||||||||||||||||||||||||1|0|1|0|0|26|13349175||0|0|31269875|3|3102|31003|31|3162450|316245005|2|2|||||||||1|2|1
2018|0BB6F4A69ECB0FFF05E27CD4D47A01E7|298372360|18|9|2001|16|17|260|0|0|0|0|5|1|5|1|76|31|3162450|31|3162450|2|3|1|2|0|0|1|0|0|0|0|0|0|0|0|0|||||||||||||||||||||||||1|0|1|0|0|26|12983406||0|0|31356786|3|3102|31003|31|3162450|316245005|2|2|||||||||1|2|1
2018|09C17586DCE88663CB143541A0B79921|306470219|13|7|2001|16|17|260|0|0|0|0|5|2|5|1|76|31|3162450|31|3162450|2|3|1|2|0|1|0|0|0|0|0|0|1|0|0|0|||||||||||||||||||||||||1|0|1|0|0|26|13349175||0|0|31269875|3|3102|31003|31|3162450|316245005|2|2|||||||||1|2|1
2018|4079A4F76B8017609E0B5EF234761BDF|303903687|11|10|2002|15|16|260|0|0|0|0|5|2|5|1|76|31|3162450|31|3162450|2|3|1|2|0|0|1|0|0|0|0|0|1|0|0|0|||||||||||||||||||||||||1|0|1|0|0|26|13230326||0|0|31338753|3|3102|31003|31|3162450|316245005|2|2|||||||||1|2|1
2018|11AD5015AAA5D9784AC893FC2ADD7113|306469838|22|7|2001|16|17|260|0|0|0|0|5|2|5|1|76|31|3162450|31|3162450|2|3|0|||||||||||||0|||||||||||||||||||||||||1|0|1|0|0|26|13349174||0|0|31269875|3|3102|31003|31|3162450|316245005|2|2|||||||||1|2|1
2018|5E0720957F43AADE1CDF8E01648D16FA|306469947|2|11|2001|16|17|260|0|0|0|0|5|1|5|1|76|31|3139300|31|3162450|2|3|0|||||||||||||0|||||||||||||||||||||||||1|0|1|0|0|26|13349174||0|0|31269875|3|3102|31003|31|3162450|316245005|2|2|||||||||1|2|1
2018|DF829EC005BBCDA336CD7D34207F4492|306469888|11|3|2001|17|17|260|0|0|0|0|5|1|5|1|76|31|3162450|31|3162450|2|3|1|2|0|1|0|0|0|0|0|0|1|0|0|0|||||||||||||||||||||||||1|0|1|0|0|26|13349174||0|0|31269875|3|3102|31003|31|3162450|316245005|2|2|||||||||1|2|1
2018|871D65FC0BDB37E64179A441D4C0BB48|306469955|5|5|1997|21|21|260|0|0|0|0|5|1|5|1|76|31|3162450|31|3162450|2|3|1|2|0|1|0|0|0|0|0|0|1|0|0|0|||||||||||||||||||||||||1|0|1|0|0|26|13349174||0|0|31269875|3|3102|31003|31|3162450|316245005|2|2|||||||||1|2|1
2018|DB6F16588B570F1084141DE753CBA147|306469847|19|2|2000|18|18|260|0|0|0|0|5|2|5|1|76|31|3162450|31|3162450|2|3|1|2|0|1|0|0|0|0|0|0|1|0|0|0|||||||||||||||||||||||||1|0|1|0|0|26|13349175||0|0|31269875|3|3102|31003|31|3162450|316245005|2|2|||||||||1|2|1
2018|BBE882E3E7B036CB3572B289A9EBFD14|327533465|12|11|1985|32|33|260|0|0|0|0|5|2|0|1|76|31|3162450|31|3162450|2|3|1|2|0|1|0|0|0|0|0|0|1|0|0|0|||||||||||||||||||||||||1|0|1|0|0|26|13232802||0|0|31297518|3|3102|31003|31|3162450|316245005|2|2|||||||||1|2|1
2018|A7991A48A7DE33618DFAE681BA854174|303882930|15|6|2001|16|17|260|0|0|0|0|5|1|5|1|76|31|3139300|31|3162450|2|3|1|2|1|0|0|0|0|0|0|0|0|0|0|0|||||||||||||||||||||||||1|0|1|0|0|26|13229504||0|0|31319058|3|3102|31003|31|3162450|316245005|2|2|||||||||1|2|1
2018|B51B77953E80C4316704E32896B77EB4|303902347|19|7|1998|19|20|260|0|0|0|0|5|1|5|1|76|31|3162450|31|3162450|2|3|1|2|0|0|1|0|0|0|0|0|0|0|0|0|||||||||||||||||||||||||1|0|1|0|0|26|13230244||0|0|31322571|3|3102|31003|31|3162450|316245005|2|2|||||||||1|2|1
2018|3894F9A74B8204226ED71FE5FBEC74E2|303903657|28|2|2001|17|17|260|0|0|0|0|5|1|5|1|76|31|3162450|31|3162450|2|3|1|2|0|0|1|0|0|0|0|0|1|0|0|0|||||||||||||||||||||||||1|0|1|0|0|26|13230326||0|0|31338753|3|3102|31003|31|3162450|316245005|2|2|||||||||1|2|1
2018|87089EACECC12FC61E71BD246F80D3F8|303896202|8|1|2002|16|16|210|0|0|0|0|5|2|5|1|76|31|3162450|31|3162450|2|3|0|||||||||||||0|||||||||||||||||||||||||1|0|1|0|0|26|13229984||0|0|31361461|3|3102|31003|31|3162450|316245005|2|2|||||||||1|2|1
2018|1FBA14056CB1D77719C3182B20885AC6|326795097|22|6|2000|17|18|260|0|0|0|0|5|2|5|1|76|31|3162450|31|3162450|2|3|1|2|0|1|0|0|0|0|0|0|0|0|0|0|||||||||||||||||||||||||1|0|1|0|0|26|13234798||0|0|31338745|3|3102|31003|31|3162450|316245005|2|2|||||||||1|2|1
2018|032589FC4BAC849C1E613A9C64C2038E|304025556|16|1|2002|16|16|260|0|0|0|0|5|1|5|1|76|31|3162450|31|3162450|2|3|1|2|0|1|0|0|0|0|0|0|1|0|0|0|||||||||||||||||||||||||1|0|1|0|0|26|13232802||0|0|31297518|3|3102|31003|31|3162450|316245005|2|2|||||||||1|2|1
2018|C25FC680D55CBBF3B3FEF935E0307E0B|306469954|13|4|1998|20|20|260|0|0|0|0|5|1|5|1|76|31|3162450|31|3162450|2|3|1|2|0|0|1|0|0|0|0|0|1|0|0|0|||||||||||||||||||||||||1|0|1|0|0|26|13349174||0|0|31269875|3|3102|31003|31|3162450|316245005|2|2|||||||||1|2|1
2018|BFEEF7DC3C37C728EA3ACAFA6AAB2E39|304024849|11|12|1999|18|19|260|0|0|0|0|5|1|5|1|76|31|3139300|31|3162450|2|3|1|2|0|1|0|0|0|0|0|0|1|0|0|0|||||||||||||||||||||||||1|0|1|0|0|26|13232801||0|0|31297518|3|3102|31003|31|3162450|316245005|2|2|||||||||1|2|1
2018|9816BE039F371F2DB0CDB7859B5D0B5B|304024843|25|2|2000|18|18|260|0|0|0|0|5|1|5|1|76|31|3139300|31|3162450|2|3|0|||||||||||||0|||||||||||||||||||||||||1|0|1|0|0|26|13232801||0|0|31297518|3|3102|31003|31|3162450|316245005|2|2|||||||||1|2|1
2018|1001CA46D9D7F761CEFAA0BA5F2D6C7D|306469953|12|12|2000|17|18|260|0|0|0|0|5|1|5|1|76|31|3162450|31|3162450|2|3|1|2|0|1|0|0|0|0|0|0|1|0|0|0|||||||||||||||||||||||||1|0|1|0|0|26|13349174||0|0|31269875|3|3102|31003|31|3162450|316245005|2|2|||||||||1|2|1
2018|E83F0FE18BAA62C7569B18F743033CCF|306469868|27|11|1999|18|19|260|0|0|0|0|5|2|5|1|76|31|3162450|31|3162450|2|3|1|2|0|1|0|0|0|0|0|0|1|0|0|0|||||||||||||||||||||||||1|0|1|0|0|26|13349175||0|0|31269875|3|3102|31003|31|3162450|316245005|2|2|||||||||1|2|1
2018|68CA2789A38ED1A3A242D107078E4FFB|304030800|28|9|2001|16|17|260|0|0|0|0|5|2|5|1|76|31|3162450|31|3162450|2|3|1|2|0|1|0|0|0|0|0|0|0|0|0|0|||||||||||||||||||||||||1|0|1|0|0|26|13234798||0|0|31338745|3|3102|31003|31|3162450|316245005|2|2|||||||||1|2|1
2018|45C69D439F23A5A5C5FB4481AE608B24|303896478|18|4|2002|16|16|210|0|0|0|0|5|2|5|1|76|29|2907103|31|3162450|2|3|1|2|0|0|1|0|0|0|0|0|0|1|0|0|||||||||||||||||||||||||1|0|1|0|0|26|13229965||0|0|31361461|3|3102|31003|31|3162450|316245005|2|2|||||||||1|2|1
2018|344A5859F2E90E0E2AE8DBC8464F4198|298372354|6|8|2001|16|17|260|0|0|0|0|5|2|5|1|76|31|3162450|31|3162450|2|3|1|2|0|0|1|0|0|0|0|0|0|0|0|0|||||||||||||||||||||||||1|0|1|0|0|26|12983406||0|0|31356786|3|3102|31003|31|3162450|316245005|2|2|||||||||1|2|1
2018|4BB170EE4EAEC1B5C96A30E6A46076EC|303902464|14|4|2001|17|17|260|0|0|0|0|5|1|5|1|76|31|3162450|31|3162450|2|3|1|2|0|0|1|0|0|0|0|0|0|0|0|0|||||||||||||||||||||||||1|0|1|0|0|26|13230244||0|0|31322571|3|3102|31003|31|3162450|316245005|2|2|||||||||1|2|1
2018|F3415A089446D98F37BE2CCC36CAF981|303896092|22|12|2000|17|18|210|0|0|0|0|5|2|5|1|76|31|3162450|31|3162450|2|3|1|2|0|0|1|0|0|0|0|0|0|0|0|0|||||||||||||||||||||||||1|0|1|0|0|26|13229965||0|0|31361461|3|3102|31003|31|3162450|316245005|2|2|||||||||1|2|1
2018|E5FDFF69FF3EA882AC061EB9542DEECF|303902535|25|12|1998|19|20|260|0|0|0|0|5|2|5|1|76|31|3162450|31|3162450|2|3|1|2|0|0|1|0|0|0|0|0|0|0|0|0|||||||||||||||||||||||||1|0|1|0|0|26|13230244||0|0|31322571|3|3102|31003|31|3162450|316245005|2|2|||||||||1|2|1
2018|AC1B9315A722207EF77701E29EF89C7C|304024848|31|12|2000|17|18|260|0|0|0|0|5|2|5|1|76|31|3162450|31|3162450|2|3|1|2|0|1|0|0|0|0|0|0|1|0|0|0|||||||||||||||||||||||||1|0|1|0|0|26|13232802||0|0|31297518|3|3102|31003|31|3162450|316245005|2|2|||||||||1|2|1
2018|C737F0B2103AC30188148DCF0FE067EF|303903753|24|2|1998|20|20|260|0|0|0|0|5|1|5|1|76|31|3162450|31|3162450|2|3|1|2|0|1|0|0|0|0|0|0|0|1|0|0|||||||||||||||||||||||||1|0|1|0|0|26|13230326||0|0|31338753|3|3102|31003|31|3162450|316245005|2|2|||||||||1|2|1
2018|C13ECDE1A9BFC62FCC1135B3E8B7FBF0|304030790|30|3|2002|16|16|260|0|0|0|0|5|1|5|1|76|31|3139300|31|3162450|2|3|1|2|0|1|0|0|0|0|0|0|0|0|0|0|||||||||||||||||||||||||1|0|1|0|0|26|13234798||0|0|31338745|3|3102|31003|31|3162450|316245005|2|2|||||||||1|2|1
2018|B0BD99EE014BF6E219D03AC6E5BD3057|303896087|11|7|1990|27|28|210|0|0|0|0|5|2|5|1|76|31|3162450|31|3162450|2|3|1|2|0|0|1|0|0|0|0|0|0|0|0|0|||||||||||||||||||||||||1|0|1|0|0|26|13229965||0|0|31361461|3|3102|31003|31|3162450|316245005|2|2|||||||||1|2|1
2018|B6A5208F2A7A65EC22E43A973797877E|298372362|16|12|2000|17|18|260|0|0|0|0|5|1|5|1|76|31|3162450|31|3162450|2|3|1|2|0|0|1|0|0|0|0|0|0|0|0|0|||||||||||||||||||||||||1|0|1|0|0|26|12983406||0|0|31356786|3|3102|31003|31|3162450|316245005|2|2|||||||||1|2|1
2018|87F2BD33DCC941A45B8976CB64097B22|306469863|12|12|1999|18|19|260|0|0|0|0|5|1|5|1|76|31|3162450|31|3162450|2|3|1|2|0|1|0|0|0|0|0|0|1|0|0|0|||||||||||||||||||||||||1|0|1|0|0|26|13349175||0|0|31269875|3|3102|31003|31|3162450|316245005|2|2|||||||||1|2|1
2018|682CA812136AEDDD4E7D3B866BD33E40|296367601|23|5|2000|18|18|260|0|0|0|0|5|1|5|1|76|31|3135209|31|3162450|2|3|1|2|0|1|0|0|0|0|0|0|0|0|0|0|||||||||||||||||||||||||1|0|1|0|0|26|12908020||0|0|31338770|3|3102|31003|31|3162450|316245005|2|2|||||||||1|2|1
2018|E87E9CA82950B033C9250412B2B6D63F|298372230|4|7|2001|16|17|260|0|0|0|0|5|1|5|1|76|31|3162450|31|3162450|2|3|1|2|0|0|1|0|0|0|0|0|0|0|0|0|||||||||||||||||||||||||1|0|1|0|0|26|12983406||0|0|31356786|3|3102|31003|31|3162450|316245005|2|2|||||||||1|2|1
2018|12E0694C0C6D42DB9285DDB5D1510656|304025619|2|1|2002|16|16|260|0|0|0|0|5|2|5|1|76|31|3139300|31|3162450|2|3|1|2|0|1|0|0|0|0|0|0|1|0|0|0|||||||||||||||||||||||||1|0|1|0|0|26|13232801||0|0|31297518|3|3102|31003|31|3162450|316245005|2|2|||||||||1|2|1
2018|47C2DC53AB37F5C7E04FFC985DC89281|303903864|25|12|1987|30|31|260|0|0|0|0|5|1|5|1|76|31|3162450|31|3162450|2|3|1|2|0|0|1|0|0|0|0|0|1|0|0|0|||||||||||||||||||||||||1|0|1|0|0|26|13230326||0|0|31338753|3|3102|31003|31|3162450|316245005|2|2|||||||||1|2|1
2018|C0DD0D465DCFB247D2E825F7FF616D1B|303902865|17|10|1991|26|27|260|0|0|0|0|5|2|5|1|76|31|3132107|31|3162450|2|3|1|2|0|0|1|0|0|0|0|0|0|0|0|0|||||||||||||||||||||||||1|0|1|0|0|26|13230283||0|0|31322571|3|3102|31003|31|3162450|316245005|2|2|||||||||1|2|1
2018|A1DAA7788343C74EFC2FE8AAECB73D46|304025559|29|12|2000|17|18|260|0|0|0|0|5|1|5|1|76|31|3132107|31|3162450|2|3|1|2|0|1|0|0|0|0|0|0|1|0|0|0|||||||||||||||||||||||||1|0|1|0|0|26|13232802||0|0|31297518|3|3102|31003|31|3162450|316245005|2|2|||||||||1|2|1
2018|E87B34BEA10A4774AF65AF38C6769E6C|298372246|14|8|2000|17|18|260|0|0|0|0|5|2|5|1|76|31|3162450|31|3162450|2|3|1|2|0|0|1|0|0|0|0|0|0|0|0|0|||||||||||||||||||||||||1|0|1|0|0|26|12983406||0|0|31356786|3|3102|31003|31|3162450|316245005|2|2|||||||||1|2|1
2018|0D209546A8AE2D4467A5F4197F37819E|298372242|27|8|2000|17|18|260|0|0|0|0|5|1|5|1|76|31|3162450|31|3162450|2|3|1|2|0|0|1|0|0|0|0|0|0|0|0|0|||||||||||||||||||||||||1|0|1|0|0|26|12983406||0|0|31356786|3|3102|31003|31|3162450|316245005|2|2|||||||||1|2|1
2018|8F130A78F273E2727090C57E95A6B6BD|304024857|30|3|2000|18|18|260|0|0|0|0|5|1|5|1|76|31|3139300|31|3162450|2|3|1|2|0|1|0|0|0|0|0|0|1|0|0|0|||||||||||||||||||||||||1|0|1|0|0|26|13232801||0|0|31297518|3|3102|31003|31|3162450|316245005|2|2|||||||||1|2|1
2018|AFEEC61FF78120210AFADF9DEBDEF50A|303903907|7|3|1986|32|32|260|0|0|0|0|5|1|5|1|76|31|3162450|31|3162450|2|3|1|2|0|1|0|0|0|0|0|0|0|1|0|0|||||||||||||||||||||||||1|0|1|0|0|26|13230326||0|0|31338753|3|3102|31003|31|3162450|316245005|2|2|||||||||1|2|1
2018|D306F2752EF481470360F0F2EC98E97D|306469951|11|9|2000|17|18|260|0|0|0|0|5|2|5|1|76|31|3162450|31|3162450|2|3|1|2|0|1|0|0|0|0|0|0|1|0|0|0|||||||||||||||||||||||||1|0|1|0|0|26|13349175||0|0|31269875|3|3102|31003|31|3162450|316245005|2|2|||||||||1|2|1
