NU_ANO_CENSO|ID_ALUNO|ID_MATRICULA|NU_DIA|NU_MES|NU_ANO|NU_IDADE_REFERENCIA|NU_IDADE|NU_DURACAO_TURMA|NU_DUR_ATIV_COMP_MESMA_REDE|NU_DUR_ATIV_COMP_OUTRAS_REDES|NU_DUR_AEE_MESMA_REDE|NU_DUR_AEE_OUTRAS_REDES|NU_DIAS_ATIVIDADE|TP_SEXO|TP_COR_RACA|TP_NACIONALIDADE|CO_PAIS_ORIGEM|CO_UF_NASC|CO_MUNICIPIO_NASC|CO_UF_END|CO_MUNICIPIO_END|TP_ZONA_RESIDENCIAL|TP_OUTRO_LOCAL_AULA|IN_TRANSPORTE_PUBLICO|TP_RESPONSAVEL_TRANSPORTE|IN_TRANSP_VANS_KOMBI|IN_TRANSP_MICRO_ONIBUS|IN_TRANSP_ONIBUS|IN_TRANSP_BICICLETA|IN_TRANSP_TR_ANIMAL|IN_TRANSP_OUTRO_VEICULO|IN_TRANSP_EMBAR_ATE5|IN_TRANSP_EMBAR_5A15|IN_TRANSP_EMBAR_15A35|IN_TRANSP_EMBAR_35|IN_TRANSP_TREM_METRO|IN_NECESSIDADE_ESPECIAL|IN_CEGUEIRA|IN_BAIXA_VISAO|IN_SURDEZ|IN_DEF_AUDITIVA|IN_SURDOCEGUEIRA|IN_DEF_FISICA|IN_DEF_INTELECTUAL|IN_DEF_MULTIPLA|IN_AUTISMO|IN_SINDROME_ASPERGER|IN_SINDROME_RETT|IN_TRANSTORNO_DI|IN_SUPERDOTACAO|IN_RECURSO_LEDOR|IN_RECURSO_TRANSCRICAO|IN_RECURSO_INTERPRETE|IN_RECURSO_LIBRAS|IN_RECURSO_LABIAL|IN_RECURSO_BRAILLE|IN_RECURSO_AMPLIADA_16|IN_RECURSO_AMPLIADA_20|IN_RECURSO_AMPLIADA_24|IN_RECURSO_NENHUM|TP_INGRESSO_FEDERAIS|TP_MEDIACAO_DIDATICO_PEDAGO|IN_ESPECIAL_EXCLUSIVA|IN_REGULAR|IN_EJA|IN_PROFISSIONALIZANTE|TP_ETAPA_ENSINO|ID_TURMA|CO_CURSO_EDUC_PROFISSIONAL|TP_UNIFICADA|TP_TIPO_TURMA|CO_ENTIDADE|CO_REGIAO|CO_MESORREGIAO|CO_MICRORREGIAO|CO_UF|CO_MUNICIPIO|CO_DISTRITO|TP_DEPENDENCIA|TP_LOCALIZACAO|TP_CATEGORIA_ESCOLA_PRIVADA|IN_CONVENIADA_PP|TP_CONVENIO_PODER_PUBLICO|IN_MANT_ESCOLA_PRIVADA_EMP|IN_MANT_ESCOLA_PRIVADA_ONG|IN_MANT_ESCOLA_PRIVADA_SIND|IN_MANT_ESCOLA_PRIVADA_SIST_S|IN_MANT_ESCOLA_PRIVADA_S_FINS|TP_REGULAMENTACAO|TP_LOCALIZACAO_DIFERENCIADA|IN_EDUCACAO_INDIGENA
2018|33E61A971EB89861CB5440856EEE700F|298372282|27|7|2002|15|16|260|0|0|0|0|5|2|5|1|76|31|3139300|31|3162450|2|3|1|2|0|0|1|0|0|0|0|0|0|0|0|0|||||||||||||||||||||||||1|0|1|0|0|25|12983405||0|0|31356786|3|3102|31003|31|3162450|316245005|2|2|||||||||1|2|1
2018|1ADB7A603D40D6E70F82B6885EF411A3|303902415|6|7|2002|15|16|260|0|0|0|0|5|2|5|1|76|31|3162450|31|3162450|2|3|0|||||||||||||0|||||||||||||||||||||||||1|0|1|0|0|25|13230238||0|0|31322571|3|3102|31003|31|3162450|316245005|2|2|||||||||1|2|1
2018|A10A84D1B13F3E656208E700952DF5AD|303902426|11|10|1999|18|19|260|0|0|0|0|5|1|5|1|76|31|3162450|31|3162450|2|3|0|||||||||||||0|||||||||||||||||||||||||1|0|1|0|0|25|13230241||0|0|31322571|3|3102|31003|31|3162450|316245005|2|2|||||||||1|2|1
2018|8B95F6BC0DBA5FC7E70F83C5EB87D19C|303896177|22|9|1995|22|23|210|0|0|0|0|5|2|5|1|76|31|3162450|31|3162450|2|3|0|||||||||||||0|||||||||||||||||||||||||1|0|1|0|0|25|13229964||0|0|31361461|3|3102|31003|31|3162450|316245005|2|2|||||||||1|2|1
2018|69C203F3CF3003D5795979E37FAA8AFE|296367409|11|1|2003|15|15|260|0|0|0|0|5|1|5|1|76|31|3139300|31|3162450|2|3|0|||||||||||||0|||||||||||||||||||||||||1|0|1|0|0|25|12908019||0|0|31338770|3|3102|31003|31|3162450|316245005|2|2|||||||||1|2|1
2018|100A8F346B9F94D33616B807541F50F6|303902751|26|3|1988|30|30|260|0|0|0|0|5|1|5|1|76|31|3132107|31|3162450|2|3|0|||||||||||||0|||||||||||||||||||||||||1|0|1|0|0|25|13230282||0|0|31322571|3|3102|31003|31|3162450|316245005|2|2|||||||||1|2|1
2018|03D09CAE3EABC961EF067E03D8BDB18E|303903623|4|1|2000|18|18|260|0|0|0|0|5|1|5|1|76|31|3162450|31|3162450|2|3|0|||||||||||||0|||||||||||||||||||||||||1|0|1|0|0|25|13230325||0|0|31338753|3|3102|31003|31|3162450|316245005|2|2|||||||||1|2|1
2018|E71475F84E9B6063CD1D3A776715D5A4|298372253|16|1|2001|17|17|260|0|0|0|0|5|1|5|1|76|31|3162450|31|3162450|2|3|1|2|0|0|1|0|0|0|0|0|0|0|0|0|||||||||||||||||||||||||1|0|1|0|0|25|12983423||0|0|31356786|3|3102|31003|31|3162450|316245005|2|2|||||||||1|2|1
2018|5FC4E8AD1084CCCE0EDEA93B8CD70B7B|303902866|1|9|1986|31|32|260|0|0|0|0|5|2|5|1|76|31|3139300|31|3162450|2|3|0|||||||||||||0|||||||||||||||||||||||||1|0|1|0|0|25|13230301||0|0|31322571|3|3102|31003|31|3162450|316245005|2|2|||||||||1|2|1
2018|71186A6D717B56C62AE8EB4995F39D57|303896133|27|4|2001|17|17|210|0|0|0|0|5|1|5|1|76|31|3162450|31|3162450|2|3|0|||||||||||||0|||||||||||||||||||||||||1|0|1|0|0|25|13229964||0|0|31361461|3|3102|31003|31|3162450|316245005|2|2|||||||||1|2|1
2018|DC8793665EEF1D6D2525A296A92D8FF5|298372298|7|12|1999|18|19|260|0|0|0|0|5|1|5|1|76|31|3162450|31|3162450|2|3|1|2|0|0|1|0|0|0|0|0|0|0|0|0|||||||||||||||||||||||||1|0|1|0|0|25|12983405||0|0|31356786|3|3102|31003|31|3162450|316245005|2|2|||||||||1|2|1
2018|D9D71AFB95A2CB56FB8343A97CE67137|303882744|27|5|2002|16|16|260|0|0|0|0|5|2|5|1|76|31|3139300|31|3162450|2|3|0|||||||||||||0|||||||||||||||||||||||||1|0|1|0|0|25|13229503||0|0|31319058|3|3102|31003|31|3162450|316245005|2|2|||||||||1|2|1
2018|18478954AB7D235800FB5F340F5E935D|298372710|12|11|2002|15|16|260|0|0|0|0|5|2|5|1|76|31|3162450|31|3139300|2|3|1|2|0|0|1|0|0|0|0|0|0|0|0|0|||||||||||||||||||||||||1|0|1|0|0|25|12983405||0|0|31356786|3|3102|31003|31|3162450|316245005|2|2|||||||||1|2|1
2018|371A175C2EB364357E4B301044B16063|306469893|11|6|2000|17|18|260|0|0|0|0|5|2|5|1|76|31|3162450|31|3162450|2|3|0|||||||||||||0|||||||||||||||||||||||||1|0|1|0|0|25|13349172||0|0|31269875|3|3102|31003|31|3162450|316245005|2|2|||||||||1|2|1
2018|FBCD53AB506AABEE33AB8EB57B58D942|304030783|20|2|2002|16|16|260|0|0|0|0|5|1|5|1|76|31|3162450|31|3162450|2|3|1|2|0|1|0|0|0|0|0|0|0|0|0|0|||||||||||||||||||||||||1|0|1|0|0|25|13234799||0|0|31338745|3|3102|31003|31|3162450|316245005|2|2|||||||||1|2|1
2018|90E4E6C53FB1728BF41B27F6071C3203|303902435|27|9|2001|16|17|260|0|0|0|0|5|1|5|1|76|31|3139300|31|3162450|2|3|0|||||||||||||0|||||||||||||||||||||||||1|0|1|0|0|25|13230238||0|0|31322571|3|3102|31003|31|3162450|316245005|2|2|||||||||1|2|1
2018|21B97DC9691C7B5511DB660B89EDC39C|306469937|14|9|2002|15|16|260|0|0|0|0|5|2|5|1|76|31|3162450|31|3162450|2|3|0|||||||||||||0|||||||||||||||||||||||||1|0|1|0|0|25|13349173||0|0|31269875|3|3102|31003|31|3162450|316245005|2|2|||||||||1|2|1
2018|DB7264447F4AE277224255053BE13B64|303903162|13|6|2003|14|15|260|0|0|0|0|5|2|5|1|76|31|3132107|31|3132107|2|3|1|2|0|0|1|0|0|0|0|0|0|0|0|0|||||||||||||||||||||||||1|0|1|0|0|25|13230284||0|0|31322571|3|3102|31003|31|3162450|316245005|2|2|||||||||1|2|1
2018|83979EFDC238E6DC748759D0C29AC6D2|304024840|20|11|2002|15|16|260|0|0|0|0|5|2|5|1|76|31|3139300|31|3162450|2|3|1|2|0|1|0|0|0|0|0|0|1|0|0|0|||||||||||||||||||||||||1|0|1|0|0|25|13232799||0|0|31297518|3|3102|31003|31|3162450|316245005|2|2|||||||||1|2|1
2018|6AAAC2DA69351EC117AFE4DD899BC9AB|303896154|26|3|2003|15|15|210|0|0|0|0|5|2|5|1|76|31|3139300|31|3162450|2|3|0|||||||||||||0|||||||||||||||||||||||||1|0|1|0|0|25|13229964||0|0|31361461|3|3102|31003|31|3162450|316245005|2|2|||||||||1|2|1
2018|5B383276EDF2143CC77DB9BE84E43673|303902617|11|8|2002|15|16|260|0|0|0|0|5|2|5|1|76|31|3162450|31|3162450|2|3|0|||||||||||||0|||||||||||||||||||||||||1|0|1|0|0|25|13230282||0|0|31322571|3|3102|31003|31|3162450|316245005|2|2|||||||||1|2|1
2018|65C7C562CD3BA27A5622BF9B409D9DB1|304024873|29|1|2002|16|16|260|0|0|0|0|5|1|5|1|76|31|3162450|31|3162450|2|3|1|2|0|1|0|0|0|0|0|0|1|0|0|0|||||||||||||||||||||||||1|0|1|0|0|25|13232799||0|0|31297518|3|3102|31003|31|3162450|316245005|2|2|||||||||1|2|1
2018|424AA96D17A5E60C75938B81F6FB5DFB|303902414|24|3|2003|15|15|260|0|0|0|0|5|2|5|1|76|31|3139300|31|3162450|2|3|0|||||||||||||0|||||||||||||||||||||||||1|0|1|0|0|25|13230238||0|0|31322571|3|3102|31003|31|3162450|316245005|2|2|||||||||1|2|1
2018|86FAAFDB8DD7A6A7D464604CD97C89FF|304030754|20|7|1999|18|19|260|0|0|0|0|5|2|5|1|76|31|3162450|31|3162450|2|3|0|||||||||||||0|||||||||||||||||||||||||1|0|1|0|0|25|13234799||0|0|31338745|3|3102|31003|31|3162450|316245005|2|2|||||||||1|2|1
2018|F0C51A5FB654BD5AFFB2E4C2DE42451E|304030770|21|11|2002|15|16|260|0|0|0|0|5|1|5|1|76|31|3139300|31|3162450|2|3|1|2|0|1|0|0|0|0|0|0|0|0|0|0|||||||||||||||||||||||||1|0|1|0|0|25|13234799||0|0|31338745|3|3102|31003|31|3162450|316245005|2|2|||||||||1|2|1
2018|F00282160C3A537B8AECCA93EAC7B6E8|303902390|6|2|2001|17|17|260|0|0|0|0|5|1|5|1|76|31|3139300|31|3162450|2|3|1|2|0|0|1|0|0|0|0|0|0|0|0|0|||||||||||||||||||||||||1|0|1|0|0|25|13230238||0|0|31322571|3|3102|31003|31|3162450|316245005|2|2|||||||||1|2|1
2018|A5D1A528288173C865F8A9A627A0EA8B|303902343|20|12|1992|25|26|260|0|0|0|0|5|2|5|1|76|31|3132107|31|3162450|2|3|0|||||||||||||0|||||||||||||||||||||||||1|0|1|0|0|25|13230282||0|0|31322571|3|3102|31003|31|3162450|316245005|2|2|||||||||1|2|1
2018|0FED0996E46E419E38B40F0174C4272B|303902359|1|6|1998|19|20|260|0|0|0|0|5|2|5|1|76|31|3162450|31|3162450|2|3|0|||||||||||||0|||||||||||||||||||||||||1|0|1|0|0|25|13230282||0|0|31322571|3|3102|31003|31|3162450|316245005|2|2|||||||||1|2|1
2018|5EDC12E43FF4E2710FC6972B358C01FB|303902376|5|5|2002|16|16|260|0|0|0|0|5|1|5|1|76|31|3162450|31|3162450|2|3|1|2|0|0|1|0|0|0|0|0|0|1|0|0|||||||||||||||||||||||||1|0|1|0|0|25|13230238||0|0|31322571|3|3102|31003|31|3162450|316245005|2|2|||||||||1|2|1
2018|9AAAE10AEB76C893E616AC406661576B|327330160|25|1|1987|31|31|260|0|0|0|0|5|1|0|1|76|31|3132107|31|3162450|2|3|1|2|0|0|1|0|0|0|0|0|0|0|0|0|||||||||||||||||||||||||1|0|1|0|0|25|13230282||0|0|31322571|3|3102|31003|31|3162450|316245005|2|2|||||||||1|2|1
2018|01C13DCDE37232646A183CE0164AF408|303896456|6|7|2000|17|18|210|0|0|0|0|5|2|5|1|76|31|3162450|31|3162450|2|3|0|||||||||||||0|||||||||||||||||||||||||1|0|1|0|0|25|13229964||0|0|31361461|3|3102|31003|31|3162450|316245005|2|2|||||||||1|2|1
2018|098FFE8AADAC58A0A939E010A6F0A0D8|303902333|26|9|1995|22|23|260|0|0|0|0|5|1|5|1|76|31|3162450|31|3162450|2|3|1|2|0|1|0|0|0|0|0|0|0|0|0|0|||||||||||||||||||||||||1|0|1|0|0|25|13230301||0|0|31322571|3|3102|31003|31|3162450|316245005|2|2|||||||||1|2|1
2018|820237FCA67CBC406C79D10B66EBFC98|298372252|3|8|2000|17|18|260|0|0|0|0|5|2|5|1|76|31|3162450|31|3162450|2|3|1|2|0|0|1|0|0|0|0|0|0|0|0|0|||||||||||||||||||||||||1|0|1|0|0|25|12983423||0|0|31356786|3|3102|31003|31|3162450|316245005|2|2|||||||||1|2|1
2018|C85FB5C06D566F64319A66CA53489193|298372363|21|12|2002|15|16|260|0|0|0|0|5|1|5|1|76|31|3162450|31|3162450|2|3|1|2|0|0|1|0|0|0|0|0|0|0|0|0|||||||||||||||||||||||||1|0|1|0|0|25|12983405||0|0|31356786|3|3102|31003|31|3162450|316245005|2|2|||||||||1|2|1
2018|9224C455AD45BFFB04DD747044FD99FB|306469805|24|4|2001|17|17|260|0|0|0|0|5|1|5|1|76|31|3162450|31|3162450|2|3|1|2|0|1|0|0|0|0|0|0|1|0|0|0|||||||||||||||||||||||||1|0|1|0|0|25|13349173||0|0|31269875|3|3102|31003|31|3162450|316245005|2|2|||||||||1|2|1
2018|3895D2648D7D93FF28C3E8B6286DFB9E|303903689|29|10|2002|15|16|260|0|0|0|0|5|1|5|1|76|31|3162450|31|3162450|2|3|1|2|0|1|0|0|0|0|0|0|0|1|0|0|||||||||||||||||||||||||1|0|1|0|0|25|13230325||0|0|31338753|3|3102|31003|31|3162450|316245005|2|2|||||||||1|2|1
2018|22AEBD842EE3476DCE95191BE05BB6D8|303902418|4|8|2002|15|16|260|0|0|0|0|5|1|5|1|76|31|3162450|31|3162450|2|3|0|||||||||||||0|||||||||||||||||||||||||1|0|1|0|0|25|13230241||0|0|31322571|3|3102|31003|31|3162450|316245005|2|2|||||||||1|2|1
2018|22AB5A07E4EA993C265E8E3BB66FD2A5|303902420|4|8|2002|15|16|260|0|0|0|0|5|2|5|1|76|31|3162450|31|3162450|2|3|0|||||||||||||0|||||||||||||||||||||||||1|0|1|0|0|25|13230241||0|0|31322571|3|3102|31003|31|3162450|316245005|2|2|||||||||1|2|1
2018|370D70C77BB2FDCD3DA057173994A0AE|306469877|9|4|1998|20|20|260|0|0|0|0|5|2|5|1|76|31|3162450|31|3162450|2|3|0|||||||||||||0|||||||||||||||||||||||||1|0|1|0|0|25|13349172||0|0|31269875|3|3102|31003|31|3162450|316245005|2|2|||||||||1|2|1
2018|413BE437150721DFE8BF56A8305C6E9C|303903601|25|3|2001|17|17|260|0|0|0|0|5|2|5|1|76|31|3162450|31|3162450|2|3|0|||||||||||||0|||||||||||||||||||||||||1|0|1|0|0|25|13230325||0|0|31338753|3|3102|31003|31|3162450|316245005|2|2|||||||||1|2|1
2018|D47D6081D6937729C0ADF6F3CD92CEAF|304030782|5|5|2003|15|15|260|0|0|0|0|5|1|0|1|76|35|3512001|31|3132107|2|3|1|2|0|1|0|0|0|0|0|0|0|0|0|0|||||||||||||||||||||||||1|0|1|0|0|25|13234799||0|0|31338745|3|3102|31003|31|3162450|316245005|2|2|||||||||1|2|1
2018|FF98B470AEA1509806E16285CE6A9853|303896114|8|8|2001|16|17|210|0|0|0|0|5|1|5|1|76|31|3162450|31|3162450|2|3|0|||||||||||||0|||||||||||||||||||||||||1|0|1|0|0|25|13229964||0|0|31361461|3|3102|31003|31|3162450|316245005|2|2|||||||||1|2|1
2018|24B6E66539B5104A57879BD247100C06|296367403|23|12|2002|15|16|260|0|0|0|0|5|1|5|1|76|31|3139300|31|3162450|2|3|0|||||||||||||0|||||||||||||||||||||||||1|0|1|0|0|25|12908019||0|0|31338770|3|3102|31003|31|3162450|316245005|2|2|||||||||1|2|1
2018|B63219F17AA51B161F181475EBC85120|303902373|19|5|2002|16|16|260|0|0|0|0|5|1|5|1|76|31|3162450|31|3162450|2|3|0|||||||||||||0|||||||||||||||||||||||||1|0|1|0|0|25|13230238||0|0|31322571|3|3102|31003|31|3162450|316245005|2|2|||||||||1|2|1
2018|C528B7AF494CB122329ED406667B03D5|298372261|18|12|2002|15|16|260|0|0|0|0|5|2|5|1|76|31|3139300|31|3162450|2|3|1|2|0|0|1|0|0|0|0|0|0|0|0|0|||||||||||||||||||||||||1|0|1|0|0|25|12983405||0|0|31356786|3|3102|31003|31|3162450|316245005|2|2|||||||||1|2|1
2018|39CB585E4B83F9D1A1A4D5B1FA25469B|306469992|12|4|2003|15|15|260|0|0|0|0|5|2|5|1|76|31|3162450|31|3162450|2|3|1|2|0|0|1|0|0|0|0|0|1|0|0|0|||||||||||||||||||||||||1|0|1|0|0|25|13349172||0|0|31269875|3|3102|31003|31|3162450|316245005|2|2|||||||||1|2|1
2018|FE1A2BB3B5F4EBA2DB67CB04B619AFD0|303896167|28|6|2000|17|18|210|0|0|0|0|5|2|5|1|76|31|3162450|31|3162450|2|3|0|||||||||||||0|||||||||||||||||||||||||1|0|1|0|0|25|13229964||0|0|31361461|3|3102|31003|31|3162450|316245005|2|2|||||||||1|2|1
2018|EB08A30BC9756A38BB4407BC568F0CF9|303896241|25|9|2001|16|17|210|0|0|0|0|5|1|5|1|76|31|3162450|31|3162450|2|3|0|||||||||||||0|||||||||||||||||||||||||1|0|1|0|0|25|13229964||0|0|31361461|3|3102|31003|31|3162450|316245005|2|2|||||||||1|2|1
2018|45667B8C56836776B5953C1998FD5C89|303882732|10|6|2003|14|15|260|0|0|0|0|5|2|5|1|76|31|3139300|31|3162450|2|3|0|||||||||||||0|||||||||||||||||||||||||1|0|1|0|0|25|13229503||0|0|31319058|3|3102|31003|31|3162450|316245005|2|2|||||||||1|2|1
2018|A80495B2F57026EF7AC53FF2198A56CE|303882797|24|9|2002|15|16|260|0|0|0|0|5|1|5|1|76|31|3139300|31|3162450|2|3|0|||||||||||||0|||||||||||||||||||||||||1|0|1|0|0|25|13229503||0|0|31319058|3|3102|31003|31|3162450|316245005|2|2|||||||||1|2|1
2018|929352FF8F85FA24ABCE0E76D7CCC7BC|304030788|24|8|2002|15|16|260|0|0|0|0|5|1|5|1|76|31|3139300|31|3162450|2|3|1|2|0|1|0|0|0|0|0|0|0|0|0|0|||||||||||||||||||||||||1|0|1|0|0|25|13234799||0|0|31338745|3|3102|31003|31|3162450|316245005|2|2|||||||||1|2|1
2018|D03D826C25ADA7B8727F5DDF1B16B735|296367534|25|5|2003|15|15|260|0|0|0|0|5|1|5|1|76|31|3162450|31|3162450|2|3|0|||||||||||||0|||||||||||||||||||||||||1|0|1|0|0|25|12908019||0|0|31338770|3|3102|31003|31|3162450|316245005|2|2|||||||||1|2|1
2018|2AB4E3B8335921E65A8EC8988C785776|303902624|31|1|1997|21|21|260|0|0|0|0|5|2|5|1|76|31|3162450|31|3162450|2|3|0|||||||||||||0|||||||||||||||||||||||||1|0|1|0|0|25|13230241||0|0|31322571|3|3102|31003|31|3162450|316245005|2|2|||||||||1|2|1
2018|AB65B8DC37274D693F7E277B04A0027B|303903593|12|10|1996|21|22|260|0|0|0|0|5|1|5|1|76|31|3132107|31|3162450|2|3|1|2|0|1|0|0|0|0|0|0|0|1|0|0|||||||||||||||||||||||||1|0|1|0|0|25|13230325||0|0|31338753|3|3102|31003|31|3162450|316245005|2|2|||||||||1|2|1
2018|BAE82A3CB4347C6C32BF968C79A811F1|326988079|3|9|2001|16|17|260|0|0|0|0|5|1|5|1|76|31|3132107|31|3162450|2|3|1|2|1|0|0|0|0|0|0|1|0|0|0|0|||||||||||||||||||||||||1|0|1|0|0|25|13229503||0|0|31319058|3|3102|31003|31|3162450|316245005|2|2|||||||||1|2|1
2018|0E83AADC06BFAFA228414553C44D1CB3|306469880|22|11|2000|17|18|260|0|0|0|0|5|2|5|1|76|31|3162450|31|3162450|2|3|0|||||||||||||0|||||||||||||||||||||||||1|0|1|0|0|25|13349173||0|0|31269875|3|3102|31003|31|3162450|316245005|2|2|||||||||1|2|1
2018|7C79DFFCA5F1FA1F2FADD6C2C758F4A1|306469930|20|4|2003|15|15|260|0|0|0|0|5|2|5|1|76|31|3162450|31|3162450|2|3|1|2|0|1|0|0|0|0|0|0|1|0|0|0|||||||||||||||||||||||||1|0|1|0|0|25|13349172||0|0|31269875|3|3102|31003|31|3162450|316245005|2|2|||||||||1|2|1
2018|7F840EC84ACA4240210988721578FBBC|296367511|3|12|1997|20|21|260|0|0|0|0|5|2|5|1|76|31|3162450|31|3162450|2|3|0|||||||||||||0|||||||||||||||||||||||||1|0|1|0|0|25|12908019||0|0|31338770|3|3102|31003|31|3162450|316245005|2|2|||||||||1|2|1
2018|A1A3196D942EF437AE5605B3812EC069|303903644|8|8|1996|21|22|260|0|0|0|0|5|1|5|1|76|31|3162450|31|3162450|2|3|0|||||||||||||0|||||||||||||||||||||||||1|0|1|0|0|25|13230325||0|0|31338753|3|3102|31003|31|3162450|316245005|2|2|||||||||1|2|1
2018|FA99AFD0EF41E4E9BEF8A2E8200819F3|303902350|14|8|1999|18|19|260|0|0|0|0|5|2|5|1|76|31|3162450|31|3162450|2|3|0|||||||||||||0|||||||||||||||||||||||||1|0|1|0|0|25|13230282||0|0|31322571|3|3102|31003|31|3162450|316245005|2|2|||||||||1|2|1
2018|CBD9AA8F7EF2B6EBA6D079096FBBBF1E|303882735|11|11|2002|15|16|260|0|0|0|0|5|1|5|1|76|31|3139300|31|3162450|2|3|0|||||||||||||0|||||||||||||||||||||||||1|0|1|0|0|25|13229503||0|0|31319058|3|3102|31003|31|3162450|316245005|2|2|||||||||1|2|1
2018|2ED60B082CF5774E74DCFC8C77B64AA1|303903316|26|6|2003|14|15|260|0|0|0|0|5|2|5|1|76|31|3132107|31|3132107|2|3|1|2|0|0|1|0|0|0|0|0|0|0|0|0|||||||||||||||||||||||||1|0|1|0|0|25|13230284||0|0|31322571|3|3102|31003|31|3162450|316245005|2|2|||||||||1|2|1
2018|D786CACAC39FB0C80720BECD48C780D7|304025616|11|6|2000|17|18|260|0|0|0|0|5|1|5|1|76|31|3132107|31|3162450|2|3|1|2|0|1|0|0|0|0|0|0|1|0|0|0|||||||||||||||||||||||||1|0|1|0|0|25|13234631||0|0|31297518|3|3102|31003|31|3162450|316245005|2|2|||||||||1|2|1
2018|88ACE9DA02B8AF5F09B1B7AB331ECB0C|303903144|26|5|2003|15|15|260|0|0|0|0|5|2|0|1|76|31|3132107|31|3132107|2|3|1|2|0|0|1|0|0|0|0|0|0|0|0|0|||||||||||||||||||||||||1|0|1|0|0|25|13230284||0|0|31322571|3|3102|31003|31|3162450|316245005|2|2|||||||||1|2|1
2018|22074446AA53041A5FA37BB2179968A1|303902626|10|11|1997|20|21|260|0|0|0|0|5|2|5|1|76|31|3162450|31|3162450|2|3|0|||||||||||||0|||||||||||||||||||||||||1|0|1|0|0|25|13230284||0|0|31322571|3|3102|31003|31|3162450|316245005|2|2|||||||||1|2|1
2018|8F7477A733B0A5E9C8EE1DF0B50E299F|304025587|24|11|2002|15|16|260|0|0|0|0|5|2|5|1|76|31|3162450|31|3162450|2|3|1|2|0|1|0|0|0|0|0|0|1|0|0|0|||||||||||||||||||||||||1|0|1|0|0|25|13234631||0|0|31297518|3|3102|31003|31|3162450|316245005|2|2|||||||||1|2|1
2018|3D78908D6B4B37CF23536AB24EFCD102|327331259|17|3|2002|16|16|260|0|0|0|0|5|1|5|1|76|31|3162450|31|3162450|2|3|0|||||||||||||0|||||||||||||||||||||||||1|0|1|0|0|25|13230238||0|0|31322571|3|3102|31003|31|3162450|316245005|2|2|||||||||1|2|1
2018|78D88C5C8EC917FC9C926603FDE696C2|303882799|27|5|2002|16|16|260|0|0|0|0|5|1|5|1|76|31|3139300|31|3162450|2|3|0|||||||||||||0|||||||||||||||||||||||||1|0|1|0|0|25|13229503||0|0|31319058|3|3102|31003|31|3162450|316245005|2|2|||||||||1|2|1
2018|5CBF3803B3AE1F4D616C613098899D98|303882792|15|8|2000|17|18|260|0|0|0|0|5|1|5|1|76|31|3132107|31|3162450|2|3|0|||||||||||||0|||||||||||||||||||||||||1|0|1|0|0|25|13229503||0|0|31319058|3|3102|31003|31|3162450|316245005|2|2|||||||||1|2|1
2018|47A2F70A560CA5E9275B44132F4795E7|298372707|10|6|2001|16|17|260|0|0|0|0|5|2|5|1|76|31|3162450|31|3162450|2|3|1|2|0|0|1|0|0|0|0|0|0|0|0|0|||||||||||||||||||||||||1|0|1|0|0|25|12983405||0|0|31356786|3|3102|31003|31|3162450|316245005|2|2|||||||||1|2|1
2018|CF5EBA2B0594198E330FD2600529E958|303903708|9|12|2000|17|18|260|0|0|0|0|5|1|5|1|76|31|3162450|31|3162450|2|3|1|2|0|1|0|0|0|0|0|0|0|0|0|0|||||||||||||||||||||||||1|0|1|0|0|25|13230325||0|0|31338753|3|3102|31003|31|3162450|316245005|2|2|||||||||1|2|1
2018|35C6D23224915A31A00811D3EA7FF5B3|303902321|20|2|1999|19|19|260|0|0|0|0|5|2|5|1|76|31|3162450|31|3162450|2|3|0|||||||||||||0|||||||||||||||||||||||||1|0|1|0|0|25|13230282||0|0|31322571|3|3102|31003|31|3162450|316245005|2|2|||||||||1|2|1
2018|06838ABEE75D469CCD880A71E6FB944C|303902425|2|10|2002|15|16|260|0|0|0|0|5|2|5|1|76|31|3139300|31|3162450|2|3|0|||||||||||||0|||||||||||||||||||||||||1|0|1|0|0|25|13230301||0|0|31322571|3|3102|31003|31|3162450|316245005|2|2|||||||||1|2|1
2018|2B9683E34608B5A624B2E7E64958A238|303902610|9|1|2003|15|15|260|0|0|0|0|5|2|5|1|76|31|3139300|31|3162450|2|3|0|||||||||||||0|||||||||||||||||||||||||1|0|1|0|0|25|13230301||0|0|31322571|3|3102|31003|31|3162450|316245005|2|2|||||||||1|2|1
2018|7D761FB703B2B44F1F817012B6148724|303902369|3|9|1999|18|19|260|0|0|0|0|5|1|5|1|76|31|3162450|31|3162450|2|3|1|2|0|0|1|0|0|0|0|0|0|0|0|0|||||||||||||||||||||||||1|0|1|0|0|25|13230241||0|0|31322571|3|3102|31003|31|3162450|316245005|2|2|||||||||1|2|1
2018|F644BF305A8B07F9BE0337121D685D52|304024844|20|1|2001|17|17|260|0|0|0|0|5|1|5|1|76|31|3139300|31|3162450|2|3|1|2|0|1|0|0|0|0|0|0|1|0|0|0|||||||||||||||||||||||||1|0|1|0|0|25|13232799||0|0|31297518|3|3102|31003|31|3162450|316245005|2|2|||||||||1|2|1
2018|E7778AB606A8C1E46AECE6BF4523CC29|304024898|9|10|1999|18|19|260|0|0|0|0|5|2|5|1|76|31|3162450|31|3162450|2|3|1|2|0|1|0|0|0|0|0|0|1|0|0|0|||||||||||||||||||||||||1|0|1|0|0|25|13232799||0|0|31297518|3|3102|31003|31|3162450|316245005|2|2|||||||||1|2|1
2018|394B2D33F95C3112ABEFF19A1C450D14|303896104|21|12|2002|15|16|210|0|0|0|0|5|1|5|1|76|31|3162450|31|3162450|1|3|0|||||||||||||0|||||||||||||||||||||||||1|0|1|0|0|25|13229964||0|0|31361461|3|3102|31003|31|3162450|316245005|2|2|||||||||1|2|1
2018|C0A7B12597F266E99528A3406FBD8F10|303902438|10|4|2002|16|16|260|0|0|0|0|5|1|5|1|76|31|3162450|31|3162450|2|3|0|||||||||||||0|||||||||||||||||||||||||1|0|1|0|0|25|13230301||0|0|31322571|3|3102|31003|31|3162450|316245005|2|2|||||||||1|2|1
2018|8D11E1D2CE48DFB8733CB0820F4E8E42|303896088|17|5|1991|27|27|210|0|0|0|0|5|1|5|1|76|31|3162450|31|3162450|2|3|0|||||||||||||0|||||||||||||||||||||||||1|0|1|0|0|25|13229964||0|0|31361461|3|3102|31003|31|3162450|316245005|2|2|||||||||1|2|1
2018|3BAE39F6F860A65D93C23539CAC16C8E|303896090|24|2|1992|26|26|210|0|0|0|0|5|2|5|1|76|31|3162450|31|3162450|2|3|1|2|0|0|1|0|0|0|0|0|0|0|0|0|||||||||||||||||||||||||1|0|1|0|0|25|13229964||0|0|31361461|3|3102|31003|31|3162450|316245005|2|2|||||||||1|2|1
2018|07B90920B499641AA68C6910B5D5AC91|306469821|23|5|2001|17|17|260|0|0|0|0|5|2|5|1|76|31|3162450|31|3162450|2|3|1|2|0|1|0|0|0|0|0|0|1|0|0|0|||||||||||||||||||||||||1|0|1|0|0|25|13349172||0|0|31269875|3|3102|31003|31|3162450|316245005|2|2|||||||||1|2|1
2018|48E2B09E39AD47C7490FF889225477F0|304025583|4|9|2002|15|16|260|0|0|0|0|5|1|5|1|76|31|3139300|31|3162450|2|3|0|||||||||||||0|||||||||||||||||||||||||1|0|1|0|0|25|13232799||0|0|31297518|3|3102|31003|31|3162450|316245005|2|2|||||||||1|2|1
2018|47C0E9E4DE763CD44BC1F7BA2B6DB40F|303903291|19|12|2002|15|16|260|0|0|0|0|5|2|5|1|76|31|3132107|31|3132107|2|3|1|2|0|0|1|0|0|0|0|0|0|0|0|0|||||||||||||||||||||||||1|0|1|0|0|25|13230284||0|0|31322571|3|3102|31003|31|3162450|316245005|2|2|||||||||1|2|1
2018|4A0B4EF907D695C3700DE41C2A24E577|303896138|19|4|1999|19|19|210|0|0|0|0|5|2|4|1|76|31|3139300|31|3162450|2|3|0|||||||||||||0|||||||||||||||||||||||||1|0|1|0|0|25|13229964||0|0|31361461|3|3102|31003|31|3162450|316245005|2|2|||||||||1|2|1
2018|8CB5E33E024FC8B073826B4B3A88CC12|303902620|17|2|1997|21|21|260|0|0|0|0|5|2|5|1|76|31|3162450|31|3162450|2|3|1|2|0|0|1|0|0|0|0|0|0|0|0|0|||||||||||||||||||||||||1|0|1|0|0|25|13230282||0|0|31322571|3|3102|31003|31|3162450|316245005|2|2|||||||||1|2|1
2018|3326F4333FD3DC631F6C01DAFA0F9D62|303903883|27|7|1983|34|35|260|0|0|0|0|5|1|5|1|76|31|3162450|31|3162450|2|3|1|2|0|1|0|0|0|0|0|0|0|1|0|0|||||||||||||||||||||||||1|0|1|0|0|25|13230325||0|0|31338753|3|3102|31003|31|3162450|316245005|2|2|||||||||1|2|1
2018|EBB8F47572E4E882868F7C23527C730F|306469998|30|10|1996|21|22|260|0|0|0|0|5|2|5|1|76|31|3162450|31|3162450|2|3|0|||||||||||||0|||||||||||||||||||||||||1|0|1|0|0|25|13349173||0|0|31269875|3|3102|31003|31|3162450|316245005|2|2|||||||||1|2|1
2018|13E71CF0E5458C5E15E4484369B0A86C|298372885|12|11|1979|38|39|260|0|0|0|0|5|1|5|1|76|31|3132107|31|3162450|2|3|1|2|0|0|1|0|0|0|0|0|0|0|0|0|||||||||||||||||||||||||1|0|1|0|0|25|12983423||0|0|31356786|3|3102|31003|31|3162450|316245005|2|2|||||||||1|2|1
2018|96C54C2F884D744CCCF77F6C54B60426|303902444|26|12|2001|16|17|260|0|0|0|0|5|1|5|1|76|31|3162450|31|3162450|2|3|0|||||||||||||0|||||||||||||||||||||||||1|0|1|0|0|25|13230301||0|0|31322571|3|3102|31003|31|3162450|316245005|2|2|||||||||1|2|1
2018|6989F78C319A3BFCE02982079B7D6DFB|303903146|13|9|2002|15|16|260|0|0|0|0|5|2|5|1|76|31|3132107|31|3132107|2|3|1|2|0|0|1|0|0|0|0|0|0|0|0|0|||||||||||||||||||||||||1|0|1|0|0|25|13230284||0|0|31322571|3|3102|31003|31|3162450|316245005|2|2|||||||||1|2|1
2018|04D426175188F3825A6F1A744DE8A749|303896109|27|11|2001|16|17|210|0|0|0|0|5|1|5|1|76|31|3162450|31|3162450|2|3|0|||||||||||||0|||||||||||||||||||||||||1|0|1|0|0|25|13229964||0|0|31361461|3|3102|31003|31|3162450|316245005|2|2|||||||||1|2|1
2018|9F34E36032761D72AEFA7D6AEB4058DC|303903156|5|11|1999|18|19|260|0|0|0|0|5|1|5|1|76|31|3132107|31|3132107|2|3|1|2|0|0|1|0|0|0|0|0|0|0|0|0|||||||||||||||||||||||||1|0|1|0|0|25|13230284||0|0|31322571|3|3102|31003|31|3162450|316245005|2|2|||||||||1|2|1
2018|771D84CF8AA48287EFE6B2C1A262BC3F|304025152|28|11|1993|24|25|260|0|0|0|0|5|2|5|1|76|31|3162450|31|3162450|2|3|1|2|0|1|0|0|0|0|0|0|1|0|0|0|||||||||||||||||||||||||1|0|1|0|0|25|13232799||0|0|31297518|3|3102|31003|31|3162450|316245005|2|2|||||||||1|2|1
2018|8E7094046F4C3E9175107E36C571DF1A|303904020|15|12|1993|24|25|260|0|0|0|0|5|1|5|1|76|31|3162450|31|3162450|2|3|0|||||||||||||0|||||||||||||||||||||||||1|0|1|0|0|25|13230325||0|0|31338753|3|3102|31003|31|3162450|316245005|2|2|||||||||1|2|1
2018|B82DA11996578B6BCC6F08C51F80780C|296367538|5|4|2003|15|15|260|0|0|0|0|5|2|5|1|76|31|3139300|31|3162450|2|3|0|||||||||||||0|||||||||||||||||||||||||1|0|1|0|0|25|12908019||0|0|31338770|3|3102|31003|31|3162450|316245005|2|2|||||||||1|2|1
2018|760573856BB02756BE15FDA089639142|303896156|20|4|2002|16|16|210|0|0|0|0|5|1|5|1|76|31|3162450|31|3162450|2|3|0|||||||||||||0|||||||||||||||||||||||||1|0|1|0|0|25|13229964||0|0|31361461|3|3102|31003|31|3162450|316245005|2|2|||||||||1|2|1
2018|0B25561EB8772ECCEB91FC73DEAF61B8|304030771|27|2|2002|16|16|260|0|0|0|0|5|1|5|1|76|31|3162450|31|3162450|2|3|1|2|0|1|0|0|0|0|0|0|0|0|0|0|||||||||||||||||||||||||1|0|1|0|0|25|13234799||0|0|31338745|3|3102|31003|31|3162450|316245005|2|2|||||||||1|2|1
2018|CFF8997423E0C70A0000CB2B008AADD9|303882731|1|12|2002|15|16|260|0|0|0|0|5|1|5|1|76|31|3139300|31|3162450|2|3|0|||||||||||||0|||||||||||||||||||||||||1|0|1|0|0|25|13229503||0|0|31319058|3|3102|31003|31|3162450|316245005|2|2|||||||||1|2|1
2018|FD6C9EF981E7404BC4A02EC7C7600830|304030880|25|6|1971|46|47|260|0|0|0|0|5|2|5|1|76|31|3162450|31|3162450|2|3|0|||||||||||||0|||||||||||||||||||||||||1|0|1|0|0|25|13234799||0|0|31338745|3|3102|31003|31|3162450|316245005|2|2|||||||||1|2|1
2018|C17FFB0040DEDB4F7694D9ED81E96B5F|303902536|13|5|1998|20|20|260|0|0|0|0|5|2|5|1|76|31|3162450|31|3162450|2|3|1|2|0|0|1|0|0|0|0|0|0|0|0|0|||||||||||||||||||||||||1|0|1|0|0|25|13230241||0|0|31322571|3|3102|31003|31|3162450|316245005|2|2|||||||||1|2|1
2018|9608E42B607C7D7CB0F4DFDD2446D8FB|298372276|21|5|2002|16|16|260|0|0|0|0|5|2|5|1|76|31|3162450|31|3162450|2|3|1|2|0|0|1|0|0|0|0|0|0|0|0|0|||||||||||||||||||||||||1|0|1|0|0|25|12983423||0|0|31356786|3|3102|31003|31|3162450|316245005|2|2|||||||||1|2|1
2018|F649ED17909EFB6DA2763314738913FD|306470000|5|12|2000|17|18|260|0|0|0|0|5|2|5|1|76|31|3139300|31|3162450|2|3|0|||||||||||||0|||||||||||||||||||||||||1|0|1|0|0|25|13349173||0|0|31269875|3|3102|31003|31|3162450|316245005|2|2|||||||||1|2|1
2018|1F716A95B871027C4421C151F911C135|303902424|21|11|2002|15|16|260|0|0|0|0|5|2|5|1|76|31|3162450|31|3162450|2|3|0|||||||||||||0|||||||||||||||||||||||||1|0|1|0|0|25|13230301||0|0|31322571|3|3102|31003|31|3162450|316245005|2|2|||||||||1|2|1
2018|46C444F1AF883D47AA25CE057AB7F1A9|303903625|11|11|1999|18|19|260|0|0|0|0|5|1|5|1|76|31|3162450|31|3162450|2|3|0|||||||||||||0|||||||||||||||||||||||||1|0|1|0|0|25|13230325||0|0|31338753|3|3102|31003|31|3162450|316245005|2|2|||||||||1|2|1
2018|A5DC466FED6FE562E247F46A2944DCD6|303903679|24|7|2003|14|15|260|0|0|0|0|5|2|5|1|76|31|3162450|31|3162450|2|3|1|2|0|1|0|0|0|0|0|0|0|1|0|0|||||||||||||||||||||||||1|0|1|0|0|25|13230325||0|0|31338753|3|3102|31003|31|3162450|316245005|2|2|||||||||1|2|1
2018|16AE9482164BA97D877A677F24C9D13C|306469913|28|12|2000|17|18|260|0|0|0|0|5|2|5|1|76|31|3162450|31|3162450|2|3|0|||||||||||||0|||||||||||||||||||||||||1|0|1|0|0|25|13349173||0|0|31269875|3|3102|31003|31|3162450|316245005|2|2|||||||||1|2|1
2018|4F32FA0E79FFDF0053355E91DD955E67|303902341|12|9|1992|25|26|260|0|0|0|0|5|2|5|1|76|31|3132107|31|3162450|2|3|0|||||||||||||0|||||||||||||||||||||||||1|0|1|0|0|25|13230282||0|0|31322571|3|3102|31003|31|3162450|316245005|2|2|||||||||1|2|1
2018|29B06F706105471AA50B144AD93321DA|303902345|30|4|1985|33|33|260|0|0|0|0|5|2|5|1|76|31|3162450|31|3162450|2|3|1|2|0|0|1|0|0|0|0|0|0|0|0|0|||||||||||||||||||||||||1|0|1|0|0|25|13230241||0|0|31322571|3|3102|31003|31|3162450|316245005|2|2|||||||||1|2|1
2018|594D3020322889DCE720BBF1C407801D|303882780|11|10|1999|18|19|260|0|0|0|0|5|1|5|1|76|53|5300108|31|3162450|2|3|0|||||||||||||0|||||||||||||||||||||||||1|0|1|0|0|25|13229503||0|0|31319058|3|3102|31003|31|3162450|316245005|2|2|||||||||1|2|1
2018|BBD0119A9F3D8BD7F740BD0B86F053AC|296367415|6|3|2003|15|15|260|0|0|0|0|5|2|5|1|76|31|3139300|31|3162450|2|3|0|||||||||||||0|||||||||||||||||||||||||1|0|1|0|0|25|12908019||0|0|31338770|3|3102|31003|31|3162450|316245005|2|2|||||||||1|2|1
2018|C4F3ED74BF85A30B36FB36FE7B00D577|303902433|8|9|2001|16|17|260|0|0|0|0|5|2|5|1|76|31|3139300|31|3162450|2|3|0|||||||||||||0|||||||||||||||||||||||||1|0|1|0|0|25|13230301||0|0|31322571|3|3102|31003|31|3162450|316245005|2|2|||||||||1|2|1
2018|1C3F760B7957E191FB1CA7F3C33C5A7D|296367411|29|3|2003|15|15|260|0|0|0|0|5|1|5|1|76|31|3139300|31|3162450|2|3|0|||||||||||||0|||||||||||||||||||||||||1|0|1|0|0|25|12908019||0|0|31338770|3|3102|31003|31|3162450|316245005|2|2|||||||||1|2|1
2018|6EFE2C1F0B215768F874FDD33963EA06|303896141|31|1|1996|22|22|210|0|0|0|0|5|2|5|1|76|31|3162450|31|3162450|2|3|0|||||||||||||0|||||||||||||||||||||||||1|0|1|0|0|25|13229964||0|0|31361461|3|3102|31003|31|3162450|316245005|2|2|||||||||1|2|1
2018|94ADA120A9FF8CA4954AF9C646678746|296367417|31|5|2003|15|15|260|0|0|0|0|5|1|5|1|76|31|3162450|31|3162450|2|3|0|||||||||||||0|||||||||||||||||||||||||1|0|1|0|0|25|12908019||0|0|31338770|3|3102|31003|31|3162450|316245005|2|2|||||||||1|2|1
2018|B1B0EAE4CE7163FC5FC0F6DC2FAC4774|298372415|2|8|2002|15|16|260|0|0|0|0|5|2|5|1|76|31|3139300|31|3162450|2|3|1|2|0|0|1|0|0|0|0|0|0|0|0|0|||||||||||||||||||||||||1|0|1|0|0|25|12983405||0|0|31356786|3|3102|31003|31|3162450|316245005|2|2|||||||||1|2|1
2018|B71108A8D11C6418110375FC7857000B|306469914|23|12|2002|15|16|260|0|0|0|0|5|2|5|1|76|31|3162450|31|3162450|2|3|0|||||||||||||0|||||||||||||||||||||||||1|0|1|0|0|25|13349173||0|0|31269875|3|3102|31003|31|3162450|316245005|2|2|||||||||1|2|1
2018|D32A9FA040B5B37EDC6F16A9482BBB1A|298372508|5|7|1991|26|27|260|0|0|0|0|5|2|5|1|76|31|3162450|31|3162450|2|3|1|2|0|0|1|0|0|0|0|0|0|0|0|0|||||||||||||||||||||||||1|0|1|0|0|25|12983423||0|0|31356786|3|3102|31003|31|3162450|316245005|2|2|||||||||1|2|1
2018|7E11A594864997434BA97949FC0896B1|303902463|28|1|2002|16|16|260|0|0|0|0|5|2|5|1|76|31|3162450|31|3162450|2|3|1|2|0|0|1|0|0|0|0|0|0|0|0|0|||||||||||||||||||||||||1|0|1|0|0|25|13230238||0|0|31322571|3|3102|31003|31|3162450|316245005|2|2|||||||||1|2|1
2018|B2879D533077BBE0981944AF0388020A|303902335|28|6|2001|16|17|260|0|0|0|0|5|1|5|1|76|31|3162450|31|3162450|2|3|0|||||||||||||0|||||||||||||||||||||||||1|0|1|0|0|25|13230241||0|0|31322571|3|3102|31003|31|3162450|316245005|2|2|||||||||1|2|1
2018|20D3E99809F699627F86A6AC83A0E352|303903862|11|1|1988|30|30|260|0|0|0|0|5|2|5|1|76|31|3162450|31|3162450|2|3|0|||||||||||||0|||||||||||||||||||||||||1|0|1|0|0|25|13230325||0|0|31338753|3|3102|31003|31|3162450|316245005|2|2|||||||||1|2|1
2018|ED3A52B4B682A0ACD9862D9050478B34|303882737|16|12|2002|15|16|260|0|0|0|0|5|2|5|1|76|31|3139300|31|3162450|2|3|0|||||||||||||0|||||||||||||||||||||||||1|0|1|0|0|25|13229503||0|0|31319058|3|3102|31003|31|3162450|316245005|2|2|||||||||1|2|1
2018|97072FAA6D838BFE4C9135B96C8E6EAD|298372256|7|3|2003|15|15|260|0|0|0|0|5|2|5|1|76|31|3162450|31|3162450|2|3|1|2|0|0|1|0|0|0|0|0|0|0|0|0|||||||||||||||||||||||||1|0|1|0|0|25|12983405||0|0|31356786|3|3102|31003|31|3162450|316245005|2|2|||||||||1|2|1
2018|4A9864797E0FD08599B1C896A97003F0|303896116|21|6|2002|15|16|210|0|0|0|0|5|2|5|1|76|31|3162450|31|3162450|2|3|0|||||||||||||0|||||||||||||||||||||||||1|0|1|0|0|25|13229964||0|0|31361461|3|3102|31003|31|3162450|316245005|2|2|||||||||1|2|1
2018|1A92056DF9C9C0B109BEA26CC35B1F24|303902346|11|5|2001|17|17|260|0|0|0|0|5|2|5|1|76|31|3162450|31|3162450|2|3|0|||||||||||||0|||||||||||||||||||||||||1|0|1|0|0|25|13230282||0|0|31322571|3|3102|31003|31|3162450|316245005|2|2|||||||||1|2|1
2018|6518733B3CE4E294D2AF11B3C6413BD8|296367421|20|1|2003|15|15|260|0|0|0|0|5|2|5|1|76|31|3139300|31|3162450|2|3|0|||||||||||||0|||||||||||||||||||||||||1|0|1|0|0|25|12908019||0|0|31338770|3|3102|31003|31|3162450|316245005|2|2|||||||||1|2|1
2018|4855A4658B7D2CDBAB5A5F703E4235CD|296367539|4|2|2003|15|15|260|0|0|0|0|5|1|5|1|76|31|3162450|31|3162450|2|3|0|||||||||||||0|||||||||||||||||||||||||1|0|1|0|0|25|12908019||0|0|31338770|3|3102|31003|31|3162450|316245005|2|2|||||||||1|2|1
2018|92200690640FDFAA9BC69290487B8CDF|303896162|9|10|1997|20|21|210|0|0|0|0|5|1|5|1|76|31|3139300|31|3162450|2|3|0|||||||||||||0|||||||||||||||||||||||||1|0|1|0|0|25|13229964||0|0|31361461|3|3102|31003|31|3162450|316245005|2|2|||||||||1|2|1
2018|959AF1C223C4CDCE6E40872B807F7083|304030759|13|4|2003|15|15|260|0|0|0|0|5|2|5|1|76|31|3162450|31|3162450|2|3|1|2|0|1|0|0|0|0|0|0|0|0|0|0|||||||||||||||||||||||||1|0|1|0|0|25|13234799||0|0|31338745|3|3102|31003|31|3162450|316245005|2|2|||||||||1|2|1
2018|1A077539BEE2E479E692FC845B841E1E|304030785|15|9|2001|16|17|260|0|0|0|0|5|2|5|1|76|31|3139300|31|3162450|2|3|1|2|0|1|0|0|0|0|0|0|0|0|0|0|||||||||||||||||||||||||1|0|1|0|0|25|13234799||0|0|31338745|3|3102|31003|31|3162450|316245005|2|2|||||||||1|2|1
2018|2DC1AA38CA04BE5B8D0F19FA7A255AFD|303902382|13|10|2001|16|17|260|0|0|0|0|5|2|5|1|76|31|3162450|31|3162450|2|3|1|2|0|0|1|0|0|0|0|0|0|0|0|0|||||||||||||||||||||||||1|0|1|0|0|25|13230238||0|0|31322571|3|3102|31003|31|3162450|316245005|2|2|||||||||1|2|1
2018|B8C42EAD8EA0B924E89C83901D06002E|303902372|13|6|2003|14|15|260|0|0|0|0|5|2|5|1|76|31|3162450|31|3162450|2|3|0|||||||||||||0|||||||||||||||||||||||||1|0|1|0|0|25|13230241||0|0|31322571|3|3102|31003|31|3162450|316245005|2|2|||||||||1|2|1
2018|B03727307797C79BA60E031F7A3FA464|303902522|10|8|2001|16|17|260|0|0|0|0|5|1|5|1|76|31|3162450|31|3162450|2|3|0|||||||||||||0|||||||||||||||||||||||||1|0|1|0|0|25|13230301||0|0|31322571|3|3102|31003|31|3162450|316245005|2|2|||||||||1|2|1
2018|2FC7857932ABBCB24826EE97EF0B91EB|303896115|21|1|2000|18|18|210|0|0|0|0|5|1|5|1|76|31|3162450|31|3162450|2|3|0|||||||||||||0|||||||||||||||||||||||||1|0|1|0|0|25|13229964||0|0|31361461|3|3102|31003|31|3162450|316245005|2|2|||||||||1|2|1
2018|E0EF1E8118B35E0D816622ED50AC8A7B|303896166|11|12|2001|16|17|210|0|0|0|0|5|2|5|1|76|31|3139300|31|3162450|2|3|0|||||||||||||0|||||||||||||||||||||||||1|0|1|0|0|25|13229964||0|0|31361461|3|3102|31003|31|3162450|316245005|2|2|||||||||1|2|1
2018|B86A6B005EF6B846AC943156A75DF59D|303902629|21|7|2002|15|16|260|0|0|0|0|5|2|5|1|76|31|3139300|31|3162450|2|3|0|||||||||||||0|||||||||||||||||||||||||1|0|1|0|0|25|13230301||0|0|31322571|3|3102|31003|31|3162450|316245005|2|2|||||||||1|2|1
2018|BEABBD39C99256C40694EC958944D223|304030761|9|11|2001|16|17|260|0|0|0|0|5|2|5|1|76|31|3139300|31|3162450|2|3|1|2|0|1|0|0|0|0|0|0|0|0|0|0|||||||||||||||||||||||||1|0|1|0|0|25|13234799||0|0|31338745|3|3102|31003|31|3162450|316245005|2|2|||||||||1|2|1
2018|0E96940EDC7014FB45B9B94FE52B139A|303882733|28|12|2002|15|16|260|0|0|0|0|5|1|5|1|76|31|3139300|31|3162450|2|3|0|||||||||||||0|||||||||||||||||||||||||1|0|1|0|0|25|13229503||0|0|31319058|3|3102|31003|31|3162450|316245005|2|2|||||||||1|2|1
2018|000467FC7C14D080B98C081D9AE2657C|306469999|20|5|1999|19|19|260|0|0|0|0|5|2|5|1|76|31|3162450|31|3162450|2|3|0|||||||||||||0|||||||||||||||||||||||||1|0|1|0|0|25|13349173||0|0|31269875|3|3102|31003|31|3162450|316245005|2|2|||||||||1|2|1
2018|FD5ED4FBC34713BB6222AA9962E26B89|306471544|12|1|1999|19|19|260|0|0|0|0|5|1|5|1|76|31|3162450|31|3162450|2|3|0|||||||||||||0|||||||||||||||||||||||||1|0|1|0|0|25|13349173||0|0|31269875|3|3102|31003|31|3162450|316245005|2|2|||||||||1|2|1
2018|B387AC8C36D30B44BE5D033DD0D7CF43|304025540|3|6|2002|15|16|260|0|0|0|0|5|2|5|1|76|31|3162450|31|3162450|2|3|1|2|0|1|0|0|0|0|0|0|1|0|0|0|||||||||||||||||||||||||1|0|1|0|0|25|13232799||0|0|31297518|3|3102|31003|31|3162450|316245005|2|2|||||||||1|2|1
2018|F2565E03E1BE1110C5629B7E023B23B8|303903888|5|7|1999|18|19|260|0|0|0|0|5|2|0|1|76|31|3162450|||1|3|0|||||||||||||0|||||||||||||||||||||||||1|0|1|0|0|25|13230325||0|0|31338753|3|3102|31003|31|3162450|316245005|2|2|||||||||1|2|1
2018|390323A2DF99013CA8AF7AA5ADCDEBD8|303882740|20|6|2003|14|15|260|0|0|0|0|5|1|5|1|76|31|3139300|31|3162450|2|3|0|||||||||||||0|||||||||||||||||||||||||1|0|1|0|0|25|13229503||0|0|31319058|3|3102|31003|31|3162450|316245005|2|2|||||||||1|2|1
2018|F6FB7ADA890BC48646A46AB99F27A6F4|306469883|9|7|2000|17|18|260|0|0|0|0|5|2|5|1|76|31|3162450|31|3162450|2|3|0|||||||||||||0|||||||||||||||||||||||||1|0|1|0|0|25|13349173||0|0|31269875|3|3102|31003|31|3162450|316245005|2|2|||||||||1|2|1
2018|82AC10DECCACAA72804506FDB9B26B74|303902442|25|4|2000|18|18|260|0|0|0|0|5|1|5|1|76|31|3162450|31|3162450|2|3|0|||||||||||||0|||||||||||||||||||||||||1|0|1|0|0|25|13230238||0|0|31322571|3|3102|31003|31|3162450|316245005|2|2|||||||||1|2|1
2018|8B7AE92ED71B904D6DFD8A71A81DD5A9|303902457|17|1|2002|16|16|260|0|0|0|0|5|1|5|1|76|31|3162450|31|3162450|2|3|1|2|0|0|1|0|0|0|0|0|0|0|0|0|||||||||||||||||||||||||1|0|1|0|0|25|13230238||0|0|31322571|3|3102|31003|31|3162450|316245005|2|2|||||||||1|2|1
2018|002B400BF1D01E9EAB0924B02D3607D1|303896176|24|10|2002|15|16|210|0|0|0|0|5|1|5|1|76|31|3162450|31|3162450|2|3|0|||||||||||||0|||||||||||||||||||||||||1|0|1|0|0|25|13229964||0|0|31361461|3|3102|31003|31|3162450|316245005|2|2|||||||||1|2|1
2018|673C6C2898A1CE3755FDA0ED9EB77D2A|303903320|20|11|1991|26|27|260|0|0|0|0|5|1|5|1|76|31|3132107|31|3162450|2|3|1|2|0|0|1|0|0|0|0|0|0|0|0|0|||||||||||||||||||||||||1|0|1|0|0|25|13230282||0|0|31322571|3|3102|31003|31|3162450|316245005|2|2|||||||||1|2|1
2018|E557F9F91389A8F2B3F1B86909A161A3|303902428|20|2|1999|19|19|260|0|0|0|0|5|1|5|1|76|31|3162450|31|3162450|2|3|0|||||||||||||0|||||||||||||||||||||||||1|0|1|0|0|25|13230241||0|0|31322571|3|3102|31003|31|3162450|316245005|2|2|||||||||1|2|1
2018|A85F7DAD497E0BE534D8585141F2E625|303882738|3|7|2002|15|16|260|0|0|0|0|5|1|5|1|76|31|3139300|31|3162450|2|3|0|||||||||||||0|||||||||||||||||||||||||1|0|1|0|0|25|13229503||0|0|31319058|3|3102|31003|31|3162450|316245005|2|2|||||||||1|2|1
2018|3EC7BFDEA066E3EAD484C5C67C2A78F0|304024837|16|8|2001|16|17|260|0|0|0|0|5|2|5|1|76|31|3162450|31|3162450|2|3|1|2|0|1|0|0|0|0|0|0|1|0|0|0|||||||||||||||||||||||||1|0|1|0|0|25|13234631||0|0|31297518|3|3102|31003|31|3162450|316245005|2|2|||||||||1|2|1
2018|126FCF782591E18BF3ED487E2A552AC2|304030772|28|8|2002|15|16|260|0|0|0|0|5|2|5|1|76|31|3162450|31|3162450|2|3|0|||||||||||||0|||||||||||||||||||||||||1|0|1|0|0|25|13234799||0|0|31338745|3|3102|31003|31|3162450|316245005|2|2|||||||||1|2|1
2018|AEE3B239A46521280691810ACA555C3A|303896153|9|11|2002|15|16|210|0|0|0|0|5|1|5|1|76|31|3162450|31|3162450|2|3|0|||||||||||||0|||||||||||||||||||||||||1|0|1|0|0|25|13229964||0|0|31361461|3|3102|31003|31|3162450|316245005|2|2|||||||||1|2|1
2018|A6FB06B4168C188408DC38E96388F0FB|303902421|22|8|2002|15|16|260|0|0|0|0|5|2|5|1|76|31|3162450|31|3162450|2|3|0|||||||||||||0|||||||||||||||||||||||||1|0|1|0|0|25|13230241||0|0|31322571|3|3102|31003|31|3162450|316245005|2|2|||||||||1|2|1
2018|B7AAA42C83C31D191E8816EF5C84A889|303882726|19|12|1998|19|20|260|0|0|0|0|5|2|3|1|76|31|3162450|31|3135050|2|3|0|||||||||||||0|||||||||||||||||||||||||1|0|1|0|0|25|13229503||0|0|31319058|3|3102|31003|31|3162450|316245005|2|2|||||||||1|2|1
2018|EC1C1BD307EC522A1ECEBAE9CB309E25|303896185|18|8|2002|15|16|210|0|0|0|0|5|2|5|1|76|31|3162450|31|3162450|2|3|0|||||||||||||0|||||||||||||||||||||||||1|0|1|0|0|25|13229964||0|0|31361461|3|3102|31003|31|3162450|316245005|2|2|||||||||1|2|1
2018|F66F7B2CD378B0C37F95DB5CAA1EA519|303903640|6|7|2002|15|16|260|0|0|0|0|5|1|5|1|76|31|3162450|31|3162450|2|3|0|||||||||||||0|||||||||||||||||||||||||1|0|1|0|0|25|13230325||0|0|31338753|3|3102|31003|31|3162450|316245005|2|2|||||||||1|2|1
2018|76A3940815C7AFDA9CA053FC770698F5|298372236|20|9|1995|22|23|260|0|0|0|0|5|2|5|1|76|31|3162450|31|3162450|2|3|1|2|0|0|1|0|0|0|0|0|0|0|0|0|||||||||||||||||||||||||1|0|1|0|0|25|12983423||0|0|31356786|3|3102|31003|31|3162450|316245005|2|2|||||||||1|2|1
2018|87972A99048AA0EE664CEDE741F0747F|303902430|27|12|1998|19|20|260|0|0|0|0|5|1|5|1|76|31|3162450|31|3162450|2|3|0|||||||||||||0|||||||||||||||||||||||||1|0|1|0|0|25|13230241||0|0|31322571|3|3102|31003|31|3162450|316245005|2|2|||||||||1|2|1
2018|220CD60481CBF39E9463B8DCCDFD8E3E|303896224|12|2|1986|32|32|210|0|0|0|0|5|2|5|1|76|31|3162450|31|3162450|2|3|0|||||||||||||0|||||||||||||||||||||||||1|0|1|0|0|25|13229964||0|0|31361461|3|3102|31003|31|3162450|316245005|2|2|||||||||1|2|1
2018|CA2305EA01C82825B6948E1A07A4FD5C|304030949|8|6|1989|28|29|260|0|0|0|0|5|1|5|1|76|31|3162450|31|3162450|2|3|1|2|0|1|0|0|0|0|0|0|0|0|0|0|||||||||||||||||||||||||1|0|1|0|0|25|13234799||0|0|31338745|3|3102|31003|31|3162450|316245005|2|2|||||||||1|2|1
2018|124B3803D8FACB5CDC5F96F6387C3BE6|303882741|19|1|2002|16|16|260|0|0|0|0|5|1|5|1|76|31|3162450|31|3162450|2|3|0|||||||||||||0|||||||||||||||||||||||||1|0|1|0|0|25|13229503||0|0|31319058|3|3102|31003|31|3162450|316245005|2|2|||||||||1|2|1
2018|E4C036C874477B0FBBF210420031F07F|303896394|20|8|1991|26|27|210|0|0|0|0|5|1|5|1|76|31|3162450|||2|3|0|||||||||||||0|||||||||||||||||||||||||1|0|1|0|0|25|13229964||0|0|31361461|3|3102|31003|31|3162450|316245005|2|2|||||||||1|2|1
2018|F2D8EFA67A709D1678BCE9D8C412C87F|303902441|2|2|2000|18|18|260|0|0|0|0|5|1|5|1|76|31|3162450|31|3162450|2|3|0|||||||||||||0|||||||||||||||||||||||||1|0|1|0|0|25|13230238||0|0|31322571|3|3102|31003|31|3162450|316245005|2|2|||||||||1|2|1
2018|7E8921CCE1675B4B885000CADA7C27F2|303902698|24|5|1983|35|35|260|0|0|0|0|5|2|5|1|76|31|3162450|31|3162450|2|3|1|2|0|0|1|0|0|0|0|0|0|0|0|0|||||||||||||||||||||||||1|0|1|0|0|25|13230282||0|0|31322571|3|3102|31003|31|3162450|316245005|2|2|||||||||1|2|1
2018|2C08E31BE99D17A7F39195501BD13206|303902393|3|3|2001|17|17|260|0|0|0|0|5|1|5|1|76|31|3162450|31|3162450|2|3|1|2|0|0|1|0|0|0|0|0|0|0|0|0|||||||||||||||||||||||||1|0|1|0|0|25|13230301||0|0|31322571|3|3102|31003|31|3162450|316245005|2|2|||||||||1|2|1
2018|0D19353BC3D5402E94E4C55FA67B5804|303882742|24|9|2002|15|16|260|0|0|0|0|5|2|5|1|76|31|3139300|31|3162450|2|3|0|||||||||||||0|||||||||||||||||||||||||1|0|1|0|0|25|13229503||0|0|31319058|3|3102|31003|31|3162450|316245005|2|2|||||||||1|2|1
2018|F86A22DFDD9364FE07C75476A03D0DA9|303903938|13|1|1986|32|32|260|0|0|0|0|5|2|5|1|76|31|3162450|31|3162450|2|3|0|||||||||||||0|||||||||||||||||||||||||1|0|1|0|0|25|13230325||0|0|31338753|3|3102|31003|31|3162450|316245005|2|2|||||||||1|2|1
2018|52F55B2533E8EA82C3CB701066A5E981|298372773|16|11|1991|26|27|260|0|0|0|0|5|2|5|1|76|31|3162450|31|3162450|2|3|1|2|0|0|1|0|0|0|0|0|0|0|0|0|||||||||||||||||||||||||1|0|1|0|0|25|12983423||0|0|31356786|3|3102|31003|31|3162450|316245005|2|2|||||||||1|2|1
2018|948825F28B3BFB0C57E71269DA2ACF3D|306471683|8|2|1986|32|32|260|0|0|0|0|5|2|5|1|76|31|3162450|31|3162450|2|3|0|||||||||||||0|||||||||||||||||||||||||1|0|1|0|0|25|13349173||0|0|31269875|3|3102|31003|31|3162450|316245005|2|2|||||||||1|2|1
2018|FAAF9426C2BAD40747AE0DEEB64D6E56|298372808|9|5|2003|15|15|260|0|0|0|0|5|2|5|1|76|31|3162450|31|3162450|2|3|1|2|0|0|1|0|0|0|0|0|0|0|0|0|||||||||||||||||||||||||1|0|1|0|0|25|12983405||0|0|31356786|3|3102|31003|31|3162450|316245005|2|2|||||||||1|2|1
2018|DEE585A4F21A97B31C84E03D76B45402|327405079|15|9|2000|17|18|260|0|0|0|0|5|1|5|1|76|31|3162450|31|3162450|2|3|0|||||||||||||0|||||||||||||||||||||||||1|0|1|0|0|25|13230325||0|0|31338753|3|3102|31003|31|3162450|316245005|2|2|||||||||1|2|1
2018|785E13F3639B3ACC708DD55DD17D7B99|298372287|9|9|2002|15|16|260|0|0|0|0|5|1|5|1|76|31|3139300|31|3162450|2|3|1|2|0|0|1|0|0|0|0|0|0|0|0|0|||||||||||||||||||||||||1|0|1|0|0|25|12983405||0|0|31356786|3|3102|31003|31|3162450|316245005|2|2|||||||||1|2|1
2018|904755A27C302E034CF930F0A370D745|306469908|6|9|2002|15|16|260|0|0|0|0|5|2|5|1|76|31|3162450|31|3162450|2|3|1|2|0|1|0|0|0|0|0|0|1|0|0|0|||||||||||||||||||||||||1|0|1|0|0|25|13349172||0|0|31269875|3|3102|31003|31|3162450|316245005|2|2|||||||||1|2|1
2018|C267B110F7E8FD7E42F8F17CE7C9EA81|303903627|23|8|2001|16|17|260|0|0|0|0|5|1|5|1|76|31|3162450|31|3162450|2|3|0|||||||||||||0|||||||||||||||||||||||||1|0|1|0|0|25|13230325||0|0|31338753|3|3102|31003|31|3162450|316245005|2|2|||||||||1|2|1
2018|638D1023815904F70FE373CCD0BA66ED|303902429|9|8|1999|18|19|260|0|0|0|0|5|1|5|1|76|31|3132107|31|3162450|2|3|1|2|0|0|1|0|0|0|0|0|0|0|0|0|||||||||||||||||||||||||1|0|1|0|0|25|13230301||0|0|31322571|3|3102|31003|31|3162450|316245005|2|2|||||||||1|2|1
2018|E8929BB4777CD0C46274B9443FF0714C|303902352|5|9|1989|28|29|260|0|0|0|0|5|1|5|1|76|31|3132107|31|3162450|2|3|0|||||||||||||0|||||||||||||||||||||||||1|0|1|0|0|25|13230282||0|0|31322571|3|3102|31003|31|3162450|316245005|2|2|||||||||1|2|1
2018|B24FF8ABA753D5363826E212C650DDA2|303902440|13|7|2001|16|17|260|0|0|0|0|5|1|5|1|76|31|3132107|31|3162450|2|3|0|||||||||||||0|||||||||||||||||||||||||1|0|1|0|0|25|13230241||0|0|31322571|3|3102|31003|31|3162450|316245005|2|2|||||||||1|2|1
2018|D210304F6086C3D2FFA2CFB0B164D9AD|303882739|18|9|2002|15|16|260|0|0|0|0|5|2|5|1|76|53|5300108|31|3162450|2|3|0|||||||||||||0|||||||||||||||||||||||||1|0|1|0|0|25|13229503||0|0|31319058|3|3102|31003|31|3162450|316245005|2|2|||||||||1|2|1
2018|4AD73BCB7FF9884F1A828E3D6E725878|306469950|24|8|2001|16|17|260|0|0|0|0|5|2|5|1|76|31|3162450|31|3162450|2|3|0|||||||||||||0|||||||||||||||||||||||||1|0|1|0|0|25|13349172||0|0|31269875|3|3102|31003|31|3162450|316245005|2|2|||||||||1|2|1
2018|3B3B7C320502E1AD9338CAB4D5B21A78|306469909|19|5|2003|15|15|260|0|0|0|0|5|2|5|1|76|31|3162450|31|3162450|2|3|1|2|0|1|0|0|0|0|0|0|1|0|0|0|||||||||||||||||||||||||1|0|1|0|0|25|13349173||0|0|31269875|3|3102|31003|31|3162450|316245005|2|2|||||||||1|2|1
2018|3A27542673B25BFB4727D3768E3602F7|303902704|11|8|2002|15|16|260|0|0|0|0|5|2|3|1|76|31|3132107|31|3135209|2|3|1|2|0|1|1|0|0|0|0|0|0|0|0|0|||||||||||||||||||||||||1|0|1|0|0|25|13230284||0|0|31322571|3|3102|31003|31|3162450|316245005|2|2|||||||||1|2|1
2018|4B1D1C0CE3D740B95C0AA2EDB6144296|303902389|5|10|2002|15|16|260|0|0|0|0|5|2|5|1|76|31|3162450|31|3162450|2|3|1|2|0|0|1|0|0|0|0|0|0|0|0|0|||||||||||||||||||||||||1|0|1|0|0|25|13230241||0|0|31322571|3|3102|31003|31|3162450|316245005|2|2|||||||||1|2|1
2018|0DD65E17DADA81E6761C0B55D00B00E7|303902606|22|10|2002|15|16|260|0|0|0|0|5|2|5|1|76|31|3139300|31|3162450|2|3|1|2|0|0|1|0|0|0|0|0|0|0|0|0|||||||||||||||||||||||||1|0|1|0|0|25|13230238||0|0|31322571|3|3102|31003|31|3162450|316245005|2|2|||||||||1|2|1
2018|B4A827A3114525F2FE5F699F7DDD04E8|306469997|7|11|2001|16|17|260|0|0|0|0|5|2|5|1|76|31|3139300|31|3162450|2|3|0|||||||||||||0|||||||||||||||||||||||||1|0|1|0|0|25|13349173||0|0|31269875|3|3102|31003|31|3162450|316245005|2|2|||||||||1|2|1
2018|1F28DA49F5E698CC779E4862110B30DC|298372260|24|7|2002|15|16|260|0|0|0|0|5|1|5|1|76|31|3162450|31|3162450|2|3|1|2|0|0|1|0|0|0|0|0|0|0|0|0|||||||||||||||||||||||||1|0|1|0|0|25|12983405||0|0|31356786|3|3102|31003|31|3162450|316245005|2|2|||||||||1|2|1
2018|3B7CDC266FF9D792186E0E7EB6C7A137|303902330|2|10|1998|19|20|260|0|0|0|0|5|1|5|1|76|31|3162450|31|3162450|2|3|0|||||||||||||0|||||||||||||||||||||||||1|0|1|0|0|25|13230238||0|0|31322571|3|3102|31003|31|3162450|316245005|2|2|||||||||1|2|1
2018|C0652E88440F5216A85832BB08919FC4|304030765|24|11|2002|15|16|260|0|0|0|0|5|1|5|1|76|31|3162450|31|3162450|2|3|0|||||||||||||0|||||||||||||||||||||||||1|0|1|0|0|25|13234799||0|0|31338745|3|3102|31003|31|3162450|316245005|2|2|||||||||1|2|1
2018|C04763BC02E69065068C799188E67E75|304025584|6|10|2002|15|16|260|0|0|0|0|5|2|5|1|76|31|3139300|31|3162450|2|3|1|2|0|1|0|0|0|0|0|0|1|0|0|0|||||||||||||||||||||||||1|0|1|0|0|25|13234631||0|0|31297518|3|3102|31003|31|3162450|316245005|2|2|||||||||1|2|1
2018|05ADB78D27B6F0AE48D27A8D4CE15FAC|306469906|24|10|2002|15|16|260|0|0|0|0|5|2|5|1|76|31|3162450|31|3162450|2|3|1|2|0|1|0|0|0|0|0|0|1|0|0|0|||||||||||||||||||||||||1|0|1|0|0|25|13349172||0|0|31269875|3|3102|31003|31|3162450|316245005|2|2|||||||||1|2|1
2018|C1427D31FCA61D860DCB47B776D870BC|306469949|13|2|2002|16|16|260|0|0|0|0|5|1|5|1|76|31|3162450|31|3162450|2|3|1|2|0|1|0|0|0|0|0|0|1|0|0|0|||||||||||||||||||||||||1|0|1|0|0|25|13349172||0|0|31269875|3|3102|31003|31|3162450|316245005|2|2|||||||||1|2|1
2018|975FF61868F97566A7368861CC6D5659|303882751|14|8|2001|16|17|260|0|0|0|0|5|2|5|1|76|31|3162450|31|3162450|2|3|0|||||||||||||0|||||||||||||||||||||||||1|0|1|0|0|25|13229503||0|0|31319058|3|3102|31003|31|3162450|316245005|2|2|||||||||1|2|1
2018|50FF0AFF56FAC960A984ADDE25605DFA|304024830|20|8|2001|16|17|260|0|0|0|0|5|2|5|1|76|31|3162450|31|3162450|2|3|1|2|0|1|0|0|0|0|0|0|1|0|0|0|||||||||||||||||||||||||1|0|1|0|0|25|13234631||0|0|31297518|3|3102|31003|31|3162450|316245005|2|2|||||||||1|2|1
2018|2EA7788BB7D236D236F2AB9DD7EAD30E|306469848|20|12|1998|19|20|260|0|0|0|0|5|1|5|1|76|31|3162450|31|3162450|2|3|1|2|0|1|0|0|0|0|0|0|1|0|0|0|||||||||||||||||||||||||1|0|1|0|0|25|13349172||0|0|31269875|3|3102|31003|31|3162450|316245005|2|2|||||||||1|2|1
2018|D552D31C18923C60A7F3BC3CD27E1007|304025552|22|10|2001|16|17|260|0|0|0|0|5|1|5|1|76|31|3139300|31|3162450|2|3|1|2|0|1|0|0|0|0|0|0|1|0|0|0|||||||||||||||||||||||||1|0|1|0|0|25|13234631||0|0|31297518|3|3102|31003|31|3162450|316245005|2|2|||||||||1|2|1
2018|2F48A6301ECA688453BDF46D5BADFEA1|296367401|23|5|2001|17|17|260|0|0|0|0|5|2|5|1|76|31|3139300|31|3162450|2|3|0|||||||||||||0|||||||||||||||||||||||||1|0|1|0|0|25|12908019||0|0|31338770|3|3102|31003|31|3162450|316245005|2|2|||||||||1|2|1
2018|0B5BF19C82018AEC1ACFA5FA38465976|303902326|13|4|1994|24|24|260|0|0|0|0|5|1|5|1|76|31|3162450|31|3162450|2|3|0|||||||||||||0|||||||||||||||||||||||||1|0|1|0|0|25|13230282||0|0|31322571|3|3102|31003|31|3162450|316245005|2|2|||||||||1|2|1
2018|92FF4C7B9004EE90B4084E7F690D2B27|296367536|22|9|2002|15|16|260|0|0|0|0|5|2|5|1|76|31|3139300|31|3162450|2|3|0|||||||||||||0|||||||||||||||||||||||||1|0|1|0|0|25|12908019||0|0|31338770|3|3102|31003|31|3162450|316245005|2|2|||||||||1|2|1
2018|837F0567987E145F14FEE077D39B0A51|303896219|23|11|2000|17|18|210|0|0|0|0|5|2|5|1|76|31|3139300|31|3162450|2|3|0|||||||||||||0|||||||||||||||||||||||||1|0|1|0|0|25|13229964||0|0|31361461|3|3102|31003|31|3162450|316245005|2|2|||||||||1|2|1
2018|0AC61632859FDB2B757B4B17C923C6F4|303882745|12|9|2001|16|17|260|0|0|0|0|5|1|5|1|76|31|3162450|31|3162450|2|3|0|||||||||||||0|||||||||||||||||||||||||1|0|1|0|0|25|13229503||0|0|31319058|3|3102|31003|31|3162450|316245005|2|2|||||||||1|2|1
2018|3522BD92DFBEAADB132780944468FF3C|303902436|9|1|2000|18|18|260|0|0|0|0|5|1|5|1|76|31|3162450|31|3162450|2|3|0|||||||||||||0|||||||||||||||||||||||||1|0|1|0|0|25|13230241||0|0|31322571|3|3102|31003|31|3162450|316245005|2|2|||||||||1|2|1
2018|D461348B690DB2C6DE5C5DE615F594A9|303902502|6|1|2003|15|15|260|0|0|0|0|5|2|5|1|76|31|3162450|31|3162450|2|3|0|||||||||||||0|||||||||||||||||||||||||1|0|1|0|0|25|13230301||0|0|31322571|3|3102|31003|31|3162450|316245005|2|2|||||||||1|2|1
2018|59C71C43CCF7D22042DBA68DA00B9E00|298372935|15|10|1993|24|25|260|0|0|0|0|5|2|5|1|76|31|3132107|31|3162450|2|3|1|2|0|0|1|0|0|0|0|0|0|0|0|0|||||||||||||||||||||||||1|0|1|0|0|25|12983423||0|0|31356786|3|3102|31003|31|3162450|316245005|2|2|||||||||1|2|1
2018|CF876B752ABAEBED6A1192DB70F81095|303896151|18|1|2003|15|15|210|0|0|0|0|5|1|5|1|76|31|3139300|31|3162450|2|3|0|||||||||||||0|||||||||||||||||||||||||1|0|1|0|0|25|13229964||0|0|31361461|3|3102|31003|31|3162450|316245005|2|2|||||||||1|2|1
2018|0BFDC0EB38FEFFC296E2F02F918EA1E5|303896159|28|4|2001|17|17|210|0|0|0|0|5|1|5|1|76|31|3162450|31|3162450|2|3|0|||||||||||||0|||||||||||||||||||||||||1|0|1|0|0|25|13229964||0|0|31361461|3|3102|31003|31|3162450|316245005|2|2|||||||||1|2|1
2018|8381BA04ACE5E8A9B7EA603DC3CD8EE9|306469907|22|8|2002|15|16|260|0|0|0|0|5|2|5|1|76|31|3132107|31|3162450|2|3|0|||||||||||||0|||||||||||||||||||||||||1|0|1|0|0|25|13349172||0|0|31269875|3|3102|31003|31|3162450|316245005|2|2|||||||||1|2|1
2018|99825FCAEED5927E80F3A905390D790F|303902377|30|8|2001|16|17|260|0|0|0|0|5|2|5|1|76|35|3512001|31|3162450|2|3|1|2|0|0|1|0|0|0|0|0|0|0|0|0|||||||||||||||||||||||||1|0|1|0|0|25|13230238||0|0|31322571|3|3102|31003|31|3162450|316245005|2|2|||||||||1|2|1
2018|D9F22CE55C60FDD5DBCFDD700411C301|303896157|29|1|2000|18|18|210|0|0|0|0|5|1|5|1|76|31|3162450|31|3162450|2|3|0|||||||||||||0|||||||||||||||||||||||||1|0|1|0|0|25|13229964||0|0|31361461|3|3102|31003|31|3162450|316245005|2|2|||||||||1|2|1
2018|9F617A5B0A02957C4BE1ABC93BD57A6E|296367419|30|12|2002|15|16|260|0|0|0|0|5|1|5|1|76|31|3139300|31|3162450|2|3|0|||||||||||||0|||||||||||||||||||||||||1|0|1|0|0|25|12908019||0|0|31338770|3|3102|31003|31|3162450|316245005|2|2|||||||||1|2|1
2018|AB077781D8F48C182AF52F1AF62B02F6|304024833|5|3|2002|16|16|260|0|0|0|0|5|1|5|1|76|31|3139300|31|3162450|2|3|1|2|0|1|0|0|0|0|0|0|1|0|0|0|||||||||||||||||||||||||1|0|1|0|0|25|13232799||0|0|31297518|3|3102|31003|31|3162450|316245005|2|2|||||||||1|2|1
2018|27A8D57E1015CC0CFC894A7E514DCB70|306470016|22|6|2001|16|17|260|0|0|0|0|5|2|5|1|76|31|3162450|31|3162450|2|3|1|2|0|1|0|0|0|0|0|0|1|0|0|0|||||||||||||||||||||||||1|0|1|0|0|25|13349172||0|0|31269875|3|3102|31003|31|3162450|316245005|2|2|||||||||1|2|1
2018|B0A78E5C3F6F54738D33950B48080450|304024841|6|10|2002|15|16|260|0|0|0|0|5|2|5|1|76|31|3139300|31|3162450|2|3|1|2|0|1|0|0|0|0|0|0|1|0|0|0|||||||||||||||||||||||||1|0|1|0|0|25|13232799||0|0|31297518|3|3102|31003|31|3162450|316245005|2|2|||||||||1|2|1
2018|BE0870B7503B6A4FD4201D325086E052|303902460|27|10|2001|16|17|260|0|0|0|0|5|2|5|1|76|31|3162450|31|3162450|2|3|1|2|0|0|1|0|0|0|0|0|0|0|0|0|||||||||||||||||||||||||1|0|1|0|0|25|13230241||0|0|31322571|3|3102|31003|31|3162450|316245005|2|2|||||||||1|2|1
2018|FAC6F9A1EC1ADF16AD1B9ACD1F656AB2|304030779|3|5|2003|15|15|260|0|0|0|0|5|2|5|1|76|31|3139300|31|3162450|2|3|1|2|0|1|0|0|0|0|0|0|0|0|0|0|||||||||||||||||||||||||1|0|1|0|0|25|13234799||0|0|31338745|3|3102|31003|31|3162450|316245005|2|2|||||||||1|2|1
2018|E479A778B65E3C3F46E57ECE276B3672|304025151|26|12|2002|15|16|260|0|0|0|0|5|2|5|1|76|31|3139300|31|3162450|2|3|1|2|0|1|0|0|0|0|0|0|1|0|0|0|||||||||||||||||||||||||1|0|1|0|0|25|13234631||0|0|31297518|3|3102|31003|31|3162450|316245005|2|2|||||||||1|2|1
2018|A4AED8B3A3B6229786CB91090C25F3C7|298372239|20|12|1999|18|19|260|0|0|0|0|5|1|5|1|76|31|3162450|31|3162450|2|3|1|2|0|0|1|0|0|0|0|0|0|0|0|0|||||||||||||||||||||||||1|0|1|0|0|25|12983405||0|0|31356786|3|3102|31003|31|3162450|316245005|2|2|||||||||1|2|1
2018|A8A86BCFD2BF1E6C30817433374F2C58|298372229|26|6|1992|25|26|260|0|0|0|0|5|1|5|1|76|31|3162450|31|3162450|2|3|1|2|0|0|1|0|0|0|0|0|0|0|0|0|||||||||||||||||||||||||1|0|1|0|0|25|12983423||0|0|31356786|3|3102|31003|31|3162450|316245005|2|2|||||||||1|2|1
2018|64A3F3F41517BF8A15D3B5387D658663|303896182|26|10|2002|15|16|210|0|0|0|0|5|2|5|1|76|31|3162450|31|3162450|2|3|0|||||||||||||0|||||||||||||||||||||||||1|0|1|0|0|25|13229964||0|0|31361461|3|3102|31003|31|3162450|316245005|2|2|||||||||1|2|1
2018|0C065EB042112300282B9CB923CF0485|306469970|25|9|2000|17|18|260|0|0|0|0|5|1|5|1|76|31|3139300|31|3162450|2|3|0|||||||||||||0|||||||||||||||||||||||||1|0|1|0|0|25|13349173||0|0|31269875|3|3102|31003|31|3162450|316245005|2|2|||||||||1|2|1
2018|BCFF42B1BF34854EC85FF1391434E137|303896111|16|6|2003|14|15|210|0|0|0|0|5|1|5|1|76|31|3162450|31|3162450|2|3|0|||||||||||||0|||||||||||||||||||||||||1|0|1|0|0|25|13229964||0|0|31361461|3|3102|31003|31|3162450|316245005|2|2|||||||||1|2|1
2018|CAAF7FBA07CF185B4623DABA9485B16D|303896135|10|9|2002|15|16|210|0|0|0|0|5|1|5|1|76|31|3162450|31|3162450|2|3|0|||||||||||||0|||||||||||||||||||||||||1|0|1|0|0|25|13229964||0|0|31361461|3|3102|31003|31|3162450|316245005|2|2|||||||||1|2|1
2018|DE5DC40826232E571096DA7D7CB5678A|303902472|21|7|1988|29|30|260|0|0|0|0|5|2|5|1|76|31|3162450|31|3162450|2|3|0|||||||||||||0|||||||||||||||||||||||||1|0|1|0|0|25|13230282||0|0|31322571|3|3102|31003|31|3162450|316245005|2|2|||||||||1|2|1
2018|CBCB920FB8311CF4B1075E9E937088CA|303882772|5|9|1996|21|22|260|0|0|0|0|5|1|5|1|76|31|3139300|31|3162450|2|3|0|||||||||||||1|0|0|0|0|0|0|1|0|0|0|0|0|0|0|0|0|0|0|0|0|0|0|0||1|0|1|0|0|25|13229503||0|0|31319058|3|3102|31003|31|3162450|316245005|2|2|||||||||1|2|1
2018|2393BC14039DC2F04E7CD239EE981E08|306470049|17|8|2002|15|16|260|0|0|0|0|5|2|5|1|76|31|3162450|31|3162450|2|3|0|||||||||||||0|||||||||||||||||||||||||1|0|1|0|0|25|13349172||0|0|31269875|3|3102|31003|31|3162450|316245005|2|2|||||||||1|2|1
2018|6AC0E0424C319442E9E7BCF1E6648B84|298372968|22|10|2000|17|18|260|0|0|0|0|5|2|5|1|76|31|3162450|31|3162450|2|3|1|2|0|0|1|0|0|0|0|0|0|0|0|0|||||||||||||||||||||||||1|0|1|0|0|25|12983423||0|0|31356786|3|3102|31003|31|3162450|316245005|2|2|||||||||1|2|1
2018|31302E19C311E9B830C2A4E3507B489D|303902503|9|12|1997|20|21|260|0|0|0|0|5|2|5|1|76|31|3162450|31|3162450|2|3|1|2|0|0|1|0|0|0|0|0|0|0|0|0|||||||||||||||||||||||||1|0|1|0|0|25|13230284||0|0|31322571|3|3102|31003|31|3162450|316245005|2|2|||||||||1|2|1
2018|6E64F06BE0BBB18C8AA21381623E94A4|303902699|4|11|1988|29|30|260|0|0|0|0|5|1|5|1|76|31|3162450|31|3162450|2|3|1|2|0|0|1|0|0|0|0|0|0|0|0|0|||||||||||||||||||||||||1|0|1|0|0|25|13230282||0|0|31322571|3|3102|31003|31|3162450|316245005|2|2|||||||||1|2|1
2018|95327063CAAD4E2A15E1BB5699070CAC|303902531|27|1|2000|18|18|260|0|0|0|0|5|1|5|1|76|31|3162450|31|3162450|2|3|1|2|0|0|1|0|0|0|0|0|0|0|0|0|||||||||||||||||||||||||1|0|1|0|0|25|13230241||0|0|31322571|3|3102|31003|31|3162450|316245005|2|2|||||||||1|2|1
2018|E1B93440921ECDD8C3D4C9356057EEFF|306470001|3|10|2001|16|17|260|0|0|0|0|5|1|5|1|76|31|3162450|31|3162450|2|3|1|2|0|1|0|0|0|0|0|0|1|0|0|0|||||||||||||||||||||||||1|0|1|0|0|25|13349173||0|0|31269875|3|3102|31003|31|3162450|316245005|2|2|||||||||1|2|1
2018|2594862CA1CE4E3BA1C77CA4186007C5|303902623|2|5|1990|28|28|260|0|0|0|0|5|1|5|1|76|31|3132107|31|3162450|2|3|1|2|0|0|1|0|0|0|0|0|0|0|0|0|||||||||||||||||||||||||1|0|1|0|0|25|13230282||0|0|31322571|3|3102|31003|31|3162450|316245005|2|2|||||||||1|2|1
2018|67A94BC95BDDA2C707C387EFD37CBD11|303903149|11|8|2002|15|16|260|0|0|0|0|5|2|5|1|76|31|3132107|31|3132107|2|3|1|2|0|0|1|0|0|0|0|0|0|0|0|0|||||||||||||||||||||||||1|0|1|0|0|25|13230301||0|0|31322571|3|3102|31003|31|3162450|316245005|2|2|||||||||1|2|1
2018|886F41DE9CA64BFBB23F39EFDAC71F9D|306470189|9|6|1986|31|32|260|0|0|0|0|5|2|5|1|76|31|3162450|31|3162450|2|3|0|||||||||||||0|||||||||||||||||||||||||1|0|1|0|0|25|13349172||0|0|31269875|3|3102|31003|31|3162450|316245005|2|2|||||||||1|2|1
2018|BB46ED5F868566655CDB90C3B96A4BEF|306469876|18|5|1999|19|19|260|0|0|0|0|5|1|5|1|76|31|3162450|31|3162450|2|3|1|2|0|1|0|0|0|0|0|0|1|0|0|0|||||||||||||||||||||||||1|0|1|0|0|25|13349173||0|0|31269875|3|3102|31003|31|3162450|316245005|2|2|||||||||1|2|1
2018|4445DC3D438A5E7A20E81241BE9D4496|304024836|6|11|2002|15|16|260|0|0|0|0|5|1|5|1|76|31|3139300|31|3162450|2|3|1|2|0|1|0|0|0|0|0|0|1|0|0|0|||||||||||||||||||||||||1|0|1|0|0|25|13232799||0|0|31297518|3|3102|31003|31|3162450|316245005|2|2|||||||||1|2|1
2018|0C6CD1BA46F195852DAAFA80275D4CA2|303882734|29|3|2003|15|15|260|0|0|0|0|5|2|5|1|76|31|3162450|31|3162450|2|3|0|||||||||||||0|||||||||||||||||||||||||1|0|1|0|0|25|13229503||0|0|31319058|3|3102|31003|31|3162450|316245005|2|2|||||||||1|2|1
2018|71083599780BD3B22F931C1A4A727359|303902622|13|7|1982|35|36|260|0|0|0|0|5|2|5|1|76|31|3162450|31|3162450|2|3|1|2|0|1|0|0|0|0|0|0|0|0|0|0|||||||||||||||||||||||||1|0|1|0|0|25|13230282||0|0|31322571|3|3102|31003|31|3162450|316245005|2|2|||||||||1|2|1
2018|DF799EB6B78EF4877F7719BE140E5389|298372243|20|2|2000|18|18|260|0|0|0|0|5|1|5|1|76|31|3162450|31|3162450|2|3|1|2|0|0|1|0|0|0|0|0|0|0|0|0|||||||||||||||||||||||||1|0|1|0|0|25|12983405||0|0|31356786|3|3102|31003|31|3162450|316245005|2|2|||||||||1|2|1
2018|5B574C6DA35CE180A8ADC472164F1466|304030791|7|1|2003|15|15|260|0|0|0|0|5|1|5|1|76|31|3139300|31|3162450|2|3|1|2|0|1|0|0|0|0|0|0|0|0|0|0|||||||||||||||||||||||||1|0|1|0|0|25|13234799||0|0|31338745|3|3102|31003|31|3162450|316245005|2|2|||||||||1|2|1
2018|6E56CDBE96E8314E1BE662CD9B723962|303903005|4|4|2000|18|18|260|0|0|0|0|5|2|3|1|76|31|3159902|31|3132107|1|3|0|||||||||||||0|||||||||||||||||||||||||1|0|1|0|0|25|13230301||0|0|31322571|3|3102|31003|31|3162450|316245005|2|2|||||||||1|2|1
2018|184C7B3AE4E7B5F7F7CB0A689D0DBFA6|304025585|16|2|2002|16|16|260|0|0|0|0|5|2|5|1|76|31|3139300|31|3162450|2|3|1|2|0|1|0|0|0|0|0|0|1|0|0|0|||||||||||||||||||||||||1|0|1|0|0|25|13234631||0|0|31297518|3|3102|31003|31|3162450|316245005|2|2|||||||||1|2|1
2018|81EB69723D017EA8ECCC7C4FBAA37E3D|303903154|10|8|2002|15|16|260|0|0|0|0|5|1|5|1|76|31|3132107|31|3132107|2|3|1|2|0|0|1|0|0|0|0|0|0|0|0|0|||||||||||||||||||||||||1|0|1|0|0|25|13230284||0|0|31322571|3|3102|31003|31|3162450|316245005|2|2|||||||||1|2|1
2018|1DB5F37CAD71946D70879E8EAEE0C419|306470059|10|12|2002|15|16|260|0|0|0|0|5|2|5|1|76|31|3162450|31|3162450|2|3|0|||||||||||||0|||||||||||||||||||||||||1|0|1|0|0|25|13349172||0|0|31269875|3|3102|31003|31|3162450|316245005|2|2|||||||||1|2|1
2018|4FF19CF40FBF68989541105E6259F0FF|298372273|25|6|2003|14|15|260|0|0|0|0|5|1|5|1|76|31|3162450|31|3162450|2|3|1|2|0|0|1|0|0|0|0|0|0|0|0|0|||||||||||||||||||||||||1|0|1|0|0|25|12983405||0|0|31356786|3|3102|31003|31|3162450|316245005|2|2|||||||||1|2|1
2018|51CA860A2875ADBDFEF78A22A59F1984|298372312|6|10|2001|16|17|260|0|0|0|0|5|1|5|1|76|31|3162450|31|3162450|2|3|1|2|0|0|1|0|0|0|0|0|0|0|0|0|||||||||||||||||||||||||1|0|1|0|0|25|12983405||0|0|31356786|3|3102|31003|31|3162450|316245005|2|2|||||||||1|2|1
2018|9A57DEC360946909D35F2515EB27A5E1|303903159|7|1|2001|17|17|260|0|0|240|0|5|1|5|1|76|31|3132107|||2|3|1|2|0|0|1|0|0|0|0|0|0|0|0|1|0|0|0|0|0|0|1|0|1|0|0|0|0|0|0|0|0|0|0|0|0|0|1||1|0|1|0|0|25|13230284||0|0|31322571|3|3102|31003|31|3162450|316245005|2|2|||||||||1|2|1
2018|B3740D6634503A1279D51C23F7C1E7C3|306469873|28|3|2002|16|16|260|0|0|0|0|5|2|5|1|76|31|3162450|31|3162450|2|3|1|2|0|1|0|0|0|0|0|0|1|0|0|0|||||||||||||||||||||||||1|0|1|0|0|25|13349172||0|0|31269875|3|3102|31003|31|3162450|316245005|2|2|||||||||1|2|1
2018|629F7EB5A62AA49CA7287B17E03F9504|304024908|18|7|2000|17|18|260|0|0|0|0|5|1|5|1|76|31|3139300|31|3162450|2|3|1|2|0|1|0|0|0|0|0|0|1|0|0|1|0|0|0|1|0|0|0|0|0|0|0|0|0|0|0|0|0|0|0|0|0|0|0||1|0|1|0|0|25|13232799||0|0|31297518|3|3102|31003|31|3162450|316245005|2|2|||||||||1|2|1
2018|25E7EA031AB23D9EE41B0002B445A4F5|303902331|13|12|1999|18|19|260|0|0|0|0|5|1|5|1|76|31|3162450|31|3162450|2|3|1|2|0|0|1|0|0|0|0|0|0|0|0|0|||||||||||||||||||||||||1|0|1|0|0|25|13230301||0|0|31322571|3|3102|31003|31|3162450|316245005|2|2|||||||||1|2|1
2018|C391334E75D7DC4AE8324DF7AE8EEAFB|303902378|7|5|2002|16|16|260|0|0|0|0|5|1|5|1|76|31|3139300|31|3162450|2|3|1|2|0|0|1|0|0|0|0|0|0|0|0|0|||||||||||||||||||||||||1|0|1|0|0|25|13230301||0|0|31322571|3|3102|31003|31|3162450|316245005|2|2|||||||||1|2|1
2018|2B198280ACE5ED63894496FA46784166|304030756|25|8|2002|15|16|260|0|0|0|0|5|1|5|1|76|31|3162450|31|3162450|2|3|1|2|0|1|0|0|0|0|0|0|0|0|0|0|||||||||||||||||||||||||1|0|1|0|0|25|13234799||0|0|31338745|3|3102|31003|31|3162450|316245005|2|2|||||||||1|2|1
2018|70A82561586661B2D2F11A7D19EB112E|303902368|15|10|1985|32|33|260|0|0|0|0|5|2|5|1|76|31|3162450|31|3162450|2|3|1|2|0|0|1|0|0|0|0|0|0|0|0|0|||||||||||||||||||||||||1|0|1|0|0|25|13230282||0|0|31322571|3|3102|31003|31|3162450|316245005|2|2|||||||||1|2|1
2018|6807717EA68D59E33428E351C6D4AB19|298372231|16|4|1998|20|20|260|0|0|0|0|5|2|5|1|76|31|3162450|31|3162450|2|3|1|2|0|0|1|0|0|0|0|0|0|0|0|0|||||||||||||||||||||||||1|0|1|0|0|25|12983423||0|0|31356786|3|3102|31003|31|3162450|316245005|2|2|||||||||1|2|1
2018|A8F6AEA8B90AAE9CAB274A388641EB3A|298372293|3|8|2000|17|18|260|0|0|0|0|5|2|5|1|76|31|3162450|31|3162450|2|3|1|2|0|0|1|0|0|0|0|0|0|0|0|0|||||||||||||||||||||||||1|0|1|0|0|25|12983405||0|0|31356786|3|3102|31003|31|3162450|316245005|2|2|||||||||1|2|1
2018|5A4B3542E612DA664A5B6E67EC50148B|306470002|21|7|2001|16|17|260|0|0|0|0|5|2|5|1|76|31|3162450|31|3162450|2|3|1|2|0|1|0|0|0|0|0|0|1|0|0|0|||||||||||||||||||||||||1|0|1|0|0|25|13349173||0|0|31269875|3|3102|31003|31|3162450|316245005|2|2|||||||||1|2|1
2018|AF79ABD1E8F15B5CBDE00538E0A16F27|298372307|6|8|1991|26|27|260|0|0|0|0|5|2|5|1|76|31|3162450|31|3162450|2|3|1|2|0|0|1|0|0|0|0|0|0|0|0|0|||||||||||||||||||||||||1|0|1|0|0|25|12983423||0|0|31356786|3|3102|31003|31|3162450|316245005|2|2|||||||||1|2|1
2018|7DDB7C2F9E0741C4704834A27B3CF101|306469872|19|6|2001|16|17|260|0|0|0|0|5|1|5|1|76|31|3162450|31|3162450|2|3|1|2|0|0|1|0|0|0|0|0|1|0|0|0|||||||||||||||||||||||||1|0|1|0|0|25|13349172||0|0|31269875|3|3102|31003|31|3162450|316245005|2|2|||||||||1|2|1
2018|0DD1C61D75E1E545144378324B876BC2|303902980|17|3|1994|24|24|260|0|0|0|0|5|2|5|1|76|35|3550308|31|3162450|2|3|1|2|0|0|1|0|0|0|0|0|0|0|0|0|||||||||||||||||||||||||1|0|1|0|0|25|13230284||0|0|31322571|3|3102|31003|31|3162450|316245005|2|2|||||||||1|2|1
2018|06ED14B6265FBE2E835F9BA869FC2AC3|327510087|11|6|2000|17|18|260|0|0|0|0|5|1|5|1|76|31|3162450|31|3162450|2|3|1|2|0|1|0|0|0|0|0|0|1|0|0|0|||||||||||||||||||||||||1|0|1|0|0|25|13234631||0|0|31297518|3|3102|31003|31|3162450|316245005|2|2|||||||||1|2|1
2018|FD30D860C03DB18B39B4C5ECD446A574|296367548|23|8|2001|16|17|260|0|0|0|0|5|2|5|1|76|31|3139300|31|3162450|2|3|1|2|0|1|0|0|0|0|0|0|0|0|0|0|||||||||||||||||||||||||1|0|1|0|0|25|12908019||0|0|31338770|3|3102|31003|31|3162450|316245005|2|2|||||||||1|2|1
2018|256FAB4F201BD7BC1AECC94178CB2EF8|303902621|3|3|1993|25|25|260|0|0|0|0|5|2|5|1|76|31|3132107|31|3162450|2|3|1|2|0|0|1|0|0|0|0|0|0|0|0|0|||||||||||||||||||||||||1|0|1|0|0|25|13230282||0|0|31322571|3|3102|31003|31|3162450|316245005|2|2|||||||||1|2|1
2018|4616405CA56E0EF8690895064BF75C07|303902419|30|10|2002|15|16|260|0|0|0|0|5|2|5|1|76|31|3162450|31|3162450|2|3|1|2|0|0|1|0|0|0|0|0|0|0|0|0|||||||||||||||||||||||||1|0|1|0|0|25|13230238||0|0|31322571|3|3102|31003|31|3162450|316245005|2|2|||||||||1|2|1
2018|C8BDA6FC888012C5C5D6887FBB912070|327330075|30|8|1990|27|28|260|0|0|0|0|5|2|5|1|76|31|3132107|31|3162450|2|3|1|2|0|0|1|0|0|0|0|0|0|0|0|0|||||||||||||||||||||||||1|0|1|0|0|25|13230284||0|0|31322571|3|3102|31003|31|3162450|316245005|2|2|||||||||1|2|1
2018|BBE861EE4D09B35F617683C6D9D20E88|298372280|8|7|2002|15|16|260|0|0|0|0|5|2|5|1|76|31|3162450|31|3162450|2|3|1|2|0|0|1|0|0|0|0|0|0|0|0|0|||||||||||||||||||||||||1|0|1|0|0|25|12983405||0|0|31356786|3|3102|31003|31|3162450|316245005|2|2|||||||||1|2|1
2018|5747EB810CDCD213C5EBE56780AA8790|304030891|18|2|1988|30|30|260|0|0|0|0|5|1|5|1|76|31|3162450|31|3162450|2|3|1|2|0|1|0|0|0|0|0|0|0|0|0|0|||||||||||||||||||||||||1|0|1|0|0|25|13234799||0|0|31338745|3|3102|31003|31|3162450|316245005|2|2|||||||||1|2|1
2018|9B5E14B2D1F19217D293145D0B4A5ADA|303902609|17|6|2003|14|15|260|0|0|0|0|5|2|5|1|76|31|3139300|31|3162450|2|3|1|2|0|0|1|0|0|0|0|0|0|0|0|0|||||||||||||||||||||||||1|0|1|0|0|25|13230241||0|0|31322571|3|3102|31003|31|3162450|316245005|2|2|||||||||1|2|1
2018|E49EC9EBF5B3CC912028C584FDBD8B1F|304025582|3|12|2002|15|16|260|0|0|0|0|5|2|5|1|76|31|3139300|31|3162450|2|3|1|2|0|1|0|0|0|0|0|0|1|0|0|0|||||||||||||||||||||||||1|0|1|0|0|25|13232799||0|0|31297518|3|3102|31003|31|3162450|316245005|2|2|||||||||1|2|1
2018|7015DDA714F824F985A134E749A9155C|304024899|25|11|1998|19|20|260|0|0|0|0|5|1|5|1|76|31|3162450|31|3162450|2|3|1|2|0|1|0|0|0|0|0|0|1|0|0|0|||||||||||||||||||||||||1|0|1|0|0|25|13234631||0|0|31297518|3|3102|31003|31|3162450|316245005|2|2|||||||||1|2|1
2018|89CE4CBDE36DFFBCAF14B53C42A874F9|303902491|30|7|1997|20|21|260|0|0|0|0|5|2|5|1|76|31|3162450|31|3162450|2|3|1|2|0|0|1|0|0|0|0|0|0|0|0|0|||||||||||||||||||||||||1|0|1|0|0|25|13230284||0|0|31322571|3|3102|31003|31|3162450|316245005|2|2|||||||||1|2|1
2018|B683D879CD1E4686D03C49222A6B3753|303903309|13|3|1980|38|38|260|0|0|0|0|5|1|5|1|76|31|3132107|31|3162450|2|3|1|2|0|0|1|0|0|0|0|0|0|0|0|0|||||||||||||||||||||||||1|0|1|0|0|25|13230282||0|0|31322571|3|3102|31003|31|3162450|316245005|2|2|||||||||1|2|1
2018|B9ED70CE149FC1ED5D50714FF703B20F|298372277|26|2|2002|16|16|260|0|0|0|0|5|2|5|1|76|31|3162450|31|3162450|2|3|1|2|0|0|1|0|0|0|0|0|0|0|0|0|||||||||||||||||||||||||1|0|1|0|0|25|12983405||0|0|31356786|3|3102|31003|31|3162450|316245005|2|2|||||||||1|2|1
2018|EA930380D9ADD58E0CBC826FBD99549E|304030789|25|7|2001|16|17|260|0|0|0|0|5|1|5|1|76|31|3162450|31|3162450|2|3|1|2|0|1|0|0|0|0|0|0|0|0|0|0|||||||||||||||||||||||||1|0|1|0|0|25|13234799||0|0|31338745|3|3102|31003|31|3162450|316245005|2|2|||||||||1|2|1
2018|DF01885D51B119B9AC6C39377D0C20AB|303902618|21|8|1999|18|19|260|0|0|0|0|5|2|5|1|76|31|3162450|31|3162450|2|3|0|||||||||||||0|||||||||||||||||||||||||1|0|1|0|0|25|13230282||0|0|31322571|3|3102|31003|31|3162450|316245005|2|2|||||||||1|2|1
2018|0272EC993132F35CF5D663E1EF381A16|303902355|31|3|2000|18|18|260|0|0|0|0|5|2|5|1|76|35|3534401|31|3162450|2|3|1|2|0|0|1|0|0|0|0|0|0|0|0|0|||||||||||||||||||||||||1|0|1|0|0|25|13230301||0|0|31322571|3|3102|31003|31|3162450|316245005|2|2|||||||||1|2|1
2018|8F4817BCF0451405F683E83F0319E31F|306470013|27|6|1999|18|19|260|0|0|0|0|5|1|5|1|76|31|3162450|31|3162450|2|3|1|2|0|1|0|0|0|0|0|0|1|0|0|0|||||||||||||||||||||||||1|0|1|0|0|25|13349172||0|0|31269875|3|3102|31003|31|3162450|316245005|2|2|||||||||1|2|1
2018|F23DF02806FDEAA7491C7A5423760107|303903152|24|12|2002|15|16|260|0|0|0|0|5|2|0|1|76|31|3132107|31|3132107|2|3|1|2|0|0|1|0|0|0|0|0|0|0|0|0|||||||||||||||||||||||||1|0|1|0|0|25|13230284||0|0|31322571|3|3102|31003|31|3162450|316245005|2|2|||||||||1|2|1
